#This file is generated by ISE
v 4.61939811706542970000e+000 1.91341710090637210000e+000 1.94378013610839840000e+001
v 4.15734815597534180000e+000 2.77785110473632810000e+000 1.94378013610839840000e+001
v 3.53553390502929690000e+000 3.53553390502929690000e+000 1.94378013610839840000e+001
v 2.77785110473632810000e+000 4.15734815597534180000e+000 1.94378013610839840000e+001
v 1.91341710090637210000e+000 4.61939811706542970000e+000 1.94378013610839840000e+001
v 9.75451648235321040000e-001 4.90392589569091800000e+000 1.94378013610839840000e+001
v 6.97561759466225340000e-008 5.00000000000000000000e+000 1.94378013610839840000e+001
v -9.75451529026031490000e-001 4.90392589569091800000e+000 1.94378013610839840000e+001
v -1.91341686248779300000e+000 4.61939811706542970000e+000 1.94378013610839840000e+001
v -2.77785110473632810000e+000 4.15734815597534180000e+000 1.94378013610839840000e+001
v -3.53553390502929690000e+000 3.53553390502929690000e+000 1.94378013610839840000e+001
v -4.15734815597534180000e+000 2.77785110473632810000e+000 1.94378013610839840000e+001
v -4.61939811706542970000e+000 1.91341710090637210000e+000 1.94378013610839840000e+001
v -4.90392589569091800000e+000 9.75451648235321040000e-001 1.94378013610839840000e+001
v -5.00000000000000000000e+000 8.05159885430839490000e-008 1.94378013610839840000e+001
v -4.90392589569091800000e+000 -9.75451529026031490000e-001 1.94378013610839840000e+001
v -4.61939811706542970000e+000 -1.91341686248779300000e+000 1.94378013610839840000e+001
v -4.15734815597534180000e+000 -2.77785110473632810000e+000 1.94378013610839840000e+001
v -3.53553390502929690000e+000 -3.53553390502929690000e+000 1.94378013610839840000e+001
v -2.77785110473632810000e+000 -4.15734815597534180000e+000 1.94378013610839840000e+001
v -1.91341686248779300000e+000 -4.61939811706542970000e+000 1.94378013610839840000e+001
v -9.75451529026031490000e-001 -4.90392589569091800000e+000 1.94378013610839840000e+001
v 6.97562043683319640000e-008 -5.00000000000000000000e+000 1.94378013610839840000e+001
v 9.75451648235321040000e-001 -4.90392589569091800000e+000 1.94378013610839840000e+001
v 1.91341710090637210000e+000 -4.61939811706542970000e+000 1.94378013610839840000e+001
v 2.77785110473632810000e+000 -4.15734815597534180000e+000 1.94378013610839840000e+001
v 3.53553390502929690000e+000 -3.53553390502929690000e+000 1.94378013610839840000e+001
v 4.15734815597534180000e+000 -2.77785110473632810000e+000 1.94378013610839840000e+001
v 4.61939811706542970000e+000 -1.91341686248779300000e+000 1.94378013610839840000e+001
v 4.90392589569091800000e+000 -9.75451529026031490000e-001 1.94378013610839840000e+001
v 4.90392589569091800000e+000 9.75451648235321040000e-001 1.94378013610839840000e+001
v 6.97561972629046070000e-008 8.05162301276141080000e-008 2.19378013610839840000e+001
v 5.00000000000000000000e+000 8.05160027539386650000e-008 1.94378013610839840000e+001
v 4.90392589569091800000e+000 9.75451648235321040000e-001 -8.06219863891601560000e+000
v 4.61939811706542970000e+000 1.91341710090637210000e+000 -8.06219863891601560000e+000
v 4.15734815597534180000e+000 2.77785110473632810000e+000 -8.06219863891601560000e+000
v 3.53553390502929690000e+000 3.53553390502929690000e+000 -8.06219863891601560000e+000
v 2.77785110473632810000e+000 4.15734815597534180000e+000 -8.06219863891601560000e+000
v 1.91341710090637210000e+000 4.61939811706542970000e+000 -8.06219863891601560000e+000
v 9.75451648235321040000e-001 4.90392589569091800000e+000 -8.06219863891601560000e+000
v 6.97559485729470910000e-008 5.00000000000000000000e+000 -8.06219863891601560000e+000
v -9.75451529026031490000e-001 4.90392589569091800000e+000 -8.06219863891601560000e+000
v -1.91341686248779300000e+000 4.61939811706542970000e+000 -8.06219863891601560000e+000
v -2.77785110473632810000e+000 4.15734815597534180000e+000 -8.06219863891601560000e+000
v -3.53553390502929690000e+000 3.53553390502929690000e+000 -8.06219863891601560000e+000
v -4.15734815597534180000e+000 2.77785110473632810000e+000 -8.06219863891601560000e+000
v -4.61939811706542970000e+000 1.91341710090637210000e+000 -8.06219863891601560000e+000
v -4.90392589569091800000e+000 9.75451648235321040000e-001 -8.06219863891601560000e+000
v -5.00000000000000000000e+000 8.05157611694085060000e-008 -8.06219863891601560000e+000
v -4.90392589569091800000e+000 -9.75451529026031490000e-001 -8.06219863891601560000e+000
v -4.61939811706542970000e+000 -1.91341686248779300000e+000 -8.06219863891601560000e+000
v -4.15734815597534180000e+000 -2.77785110473632810000e+000 -8.06219863891601560000e+000
v -3.53553390502929690000e+000 -3.53553390502929690000e+000 -8.06219863891601560000e+000
v -2.77785110473632810000e+000 -4.15734815597534180000e+000 -8.06219863891601560000e+000
v -1.91341686248779300000e+000 -4.61939811706542970000e+000 -8.06219863891601560000e+000
v -9.75451529026031490000e-001 -4.90392589569091800000e+000 -8.06219863891601560000e+000
v 6.97564317420074080000e-008 -5.00000000000000000000e+000 -8.06219863891601560000e+000
v 9.75451648235321040000e-001 -4.90392589569091800000e+000 -8.06219863891601560000e+000
v 1.91341710090637210000e+000 -4.61939811706542970000e+000 -8.06219863891601560000e+000
v 2.77785110473632810000e+000 -4.15734815597534180000e+000 -8.06219863891601560000e+000
v 3.53553390502929690000e+000 -3.53553390502929690000e+000 -8.06219863891601560000e+000
v 4.15734815597534180000e+000 -2.77785110473632810000e+000 -8.06219863891601560000e+000
v 4.61939811706542970000e+000 -1.91341686248779300000e+000 -8.06219863891601560000e+000
v 5.00000000000000000000e+000 8.05162301276141080000e-008 -8.06219863891601560000e+000
v 4.90392589569091800000e+000 -9.75451529026031490000e-001 -8.06219863891601560000e+000
v 6.97561972629046070000e-008 8.05162301276141080000e-008 -8.06219863891601560000e+000
v 5.00000000000000000000e+000 8.66025352478027340000e+000 -8.68719863891601560000e+000
v -5.00000000000000000000e+000 8.66025352478027340000e+000 -8.68719863891601560000e+000
v -1.00000000000000000000e+001 8.05159672268018770000e-008 -8.68719863891601560000e+000
v -5.00000000000000000000e+000 -8.66025352478027340000e+000 -8.68719863891601560000e+000
v 1.00000000000000000000e+001 8.05160027539386650000e-008 -8.68719863891601560000e+000
v 5.00000000000000000000e+000 -8.66025352478027340000e+000 -8.68719863891601560000e+000
v 5.00000000000000000000e+000 8.66025352478027340000e+000 -1.24371986389160160000e+001
v -5.00000000000000000000e+000 8.66025352478027340000e+000 -1.24371986389160160000e+001
v -1.00000000000000000000e+001 8.05159672268018770000e-008 -1.24371986389160160000e+001
v -5.00000000000000000000e+000 -8.66025352478027340000e+000 -1.24371986389160160000e+001
v 1.00000000000000000000e+001 8.05160027539386650000e-008 -1.24371986389160160000e+001
v 5.00000000000000000000e+000 -8.66025352478027340000e+000 -1.24371986389160160000e+001
v -4.68750000000000000000e+000 8.11898803710937500000e+000 -8.06219863891601560000e+000
v -9.37500000000000000000e+000 8.05159743322292340000e-008 -8.06219863891601560000e+000
v -4.68750000000000000000e+000 -8.11898803710937500000e+000 -8.06219863891601560000e+000
v 4.68750000000000000000e+000 -8.11898803710937500000e+000 -8.06219863891601560000e+000
v 4.68750000000000000000e+000 8.11898803710937500000e+000 -8.06219863891601560000e+000
v 6.97561972629046070000e-008 8.05160027539386650000e-008 -8.06219863891601560000e+000
v 9.37500000000000000000e+000 8.05160027539386650000e-008 -8.06219863891601560000e+000
v 4.68750000000000000000e+000 8.11898803710937500000e+000 -1.30621986389160160000e+001
v -4.68750000000000000000e+000 8.11898803710937500000e+000 -1.30621986389160160000e+001
v -9.37500000000000000000e+000 8.05159743322292340000e-008 -1.30621986389160160000e+001
v -4.68750000000000000000e+000 -8.11898803710937500000e+000 -1.30621986389160160000e+001
v 9.37500000000000000000e+000 8.05160027539386650000e-008 -1.30621986389160160000e+001
v 4.68750000000000000000e+000 -8.11898803710937500000e+000 -1.30621986389160160000e+001
v 6.97561972629046070000e-008 8.05160027539386650000e-008 -1.30621986389160160000e+001
f 34 31 64
f 31 33 64
f 1 31 34
f 1 34 35
f 2 1 35
f 2 35 36
f 3 2 36
f 3 36 37
f 4 3 38
f 3 37 38
f 5 4 39
f 4 38 39
f 6 5 40
f 5 39 40
f 7 6 41
f 6 40 41
f 8 7 41
f 8 41 42
f 9 8 42
f 9 42 43
f 10 9 43
f 10 43 44
f 11 10 44
f 11 44 45
f 12 11 46
f 11 45 46
f 13 12 47
f 12 46 47
f 14 13 48
f 13 47 48
f 15 14 49
f 14 48 49
f 16 15 49
f 16 49 50
f 17 16 50
f 17 50 51
f 18 17 51
f 18 51 52
f 19 18 52
f 19 52 53
f 20 19 54
f 19 53 54
f 21 20 55
f 20 54 55
f 22 21 56
f 21 55 56
f 23 22 57
f 22 56 57
f 24 23 57
f 24 57 58
f 25 24 58
f 25 58 59
f 26 25 59
f 26 59 60
f 27 26 60
f 27 60 61
f 28 27 62
f 27 61 62
f 29 28 63
f 28 62 63
f 30 29 65
f 29 63 65
f 33 30 64
f 30 65 64
f 32 31 1
f 32 1 2
f 32 2 3
f 32 3 4
f 32 4 5
f 32 5 6
f 32 6 7
f 32 7 8
f 32 8 9
f 32 9 10
f 32 10 11
f 32 11 12
f 32 12 13
f 32 13 14
f 32 14 15
f 32 15 16
f 32 16 17
f 32 17 18
f 32 18 19
f 32 19 20
f 32 20 21
f 32 21 22
f 32 22 23
f 32 23 24
f 32 24 25
f 32 25 26
f 32 26 27
f 32 27 28
f 32 28 29
f 32 29 30
f 32 30 33
f 33 31 32
f 34 64 66
f 66 35 34
f 66 36 35
f 66 37 36
f 66 38 37
f 66 39 38
f 66 40 39
f 66 41 40
f 66 42 41
f 66 43 42
f 66 44 43
f 66 45 44
f 66 46 45
f 66 47 46
f 66 48 47
f 66 49 48
f 66 50 49
f 66 51 50
f 66 52 51
f 66 53 52
f 66 54 53
f 66 55 54
f 66 56 55
f 66 57 56
f 66 58 57
f 66 59 58
f 66 60 59
f 66 61 60
f 66 62 61
f 66 63 62
f 66 65 63
f 66 64 65
f 67 83 71
f 83 85 71
f 79 83 68
f 83 67 68
f 80 79 69
f 79 68 69
f 81 80 69
f 81 69 70
f 82 81 72
f 81 70 72
f 85 82 71
f 82 72 71
f 73 67 71
f 73 71 77
f 68 67 74
f 67 73 74
f 69 68 74
f 69 74 75
f 70 69 76
f 69 75 76
f 72 70 78
f 70 76 78
f 71 72 78
f 71 78 77
f 86 73 90
f 73 77 90
f 74 73 87
f 73 86 87
f 75 74 88
f 74 87 88
f 76 75 88
f 76 88 89
f 78 76 91
f 76 89 91
f 77 78 90
f 78 91 90
f 84 83 79
f 84 79 80
f 84 80 81
f 84 81 82
f 84 82 85
f 85 83 84
f 86 90 92
f 92 87 86
f 92 88 87
f 92 89 88
f 92 91 89
f 92 90 91
