#This file is generated by ISE
v -10.6167 -26.7185 17.6308
v -10.4774 -26.7185 18.9943
v -9.9679 -26.7185 16.2876
v -9.9326 -16.0978 13.971
v -9.918 -16.5694 16.084
v -9.78995 -5.71662 -15.2797
v -9.5589 -6.42577 -20.9309
v -9.5539 -1.19752 10.0837
v -9.5014 -7.78247 13.897
v -9.4985 -0.768909 -19.6977
v -9.4959 -7.06237 11.1693
v -9.4014 -0.290354 -14.6821
v -9.3705 -1.71985 13.1566
v -9.24435 -26.7185 19.4488
v -9.19785 -15.7468 -22.1126
v -9.1838 -15.6743 -24.9492
v -9.0691 -15.9799 12.0791
v -9.0518 2.50872 10.113
v -8.8755 -0.649664 5.79867
v -8.83675 -26.7185 15.8944
v -8.7796 1.34146 12.6093
v -8.629 -3.97047 -10.208
v -8.61625 -26.7185 -28.696
v -8.591 -26.7185 -30.3599
v -8.50795 -0.407664 -10.2771
v -8.48635 -16.9728 17.2699
v -8.4396 3.03187 5.58652
v -8.42985 -1.20043 -23.8146
v -8.39215 -6.04907 7.10617
v -8.3089 2.43361 -20.2389
v -8.20485 -6.77667 -25.2517
v -8.0761 -0.609388 0.151274
v -7.9482 -15.8686 -28.2456
v -7.90945 -26.7185 19.0147
v -7.88185 -8.27767 15.655
v -7.8664 -16.6377 11.5565
v -7.84245 3.07656 -15.8516
v -7.8393 -4.19232 -5.54874
v -7.80755 -26.7185 16.3898
v -7.7825 -4.14817 0.367724
v -7.75415 -0.665719 -5.62011
v -7.67575 -26.7185 -32.0179
v -7.6321 1.39019 -22.762
v -7.58445 -1.68355 15.1678
v -7.46445 -26.7185 17.7125
v -7.4381 -26.7185 -28.1414
v -7.4208 3.00444 -0.0243261
v -7.3714 -16.4124 -22.0222
v -7.35 2.77621 14.0783
v -7.2387 -8.75507 -16.2171
v -7.10705 -9.09287 6.62862
v -7.0916 3.05521 -11.1044
v -6.9741 -6.39502 -11.0402
v -6.93455 5.0683 10.6562
v -6.89975 -17.2925 17.0275
v -6.81865 -17.3792 12.4622
v -6.76975 -6.62022 0.520674
v -6.7577 -6.59567 -5.71855
v -6.7274 2.86576 -5.87085
v -6.42015 -17.5127 14.8554
v -6.3446 5.83075 5.68427
v -6.2424 25.578 23.333
v -6.18405 -26.7185 -32.5549
v -6.1099 -16.0038 -29.7155
v -6.00185 -6.88102 -27.2478
v -5.9464 -26.7185 -28.6901
v -5.8438 25.0131 23.5695
v -5.82595 -0.942039 -25.5236
v -5.5887 2.54675 -23.8525
v -5.5867 5.70164 -0.0547265
v -5.4996 26.6099 23.9412
v -5.4554 23.6016 23.3143
v -5.42355 25.5033 22.9862
v -5.4212 -9.70797 7.69247
v -5.3632 -8.39077 15.9218
v -5.3347 23.7098 22.667
v -5.2965 4.31901 -21.544
v -5.26325 25.7091 23.9695
v -5.22955 -16.9759 -23.8552
v -5.06585 -8.05932 0.613724
v -5.03115 -26.7185 -30.3364
v -5.02775 4.99122 -17.9813
v -5.0192 -1.45376 16.3296
v -5.01865 26.3919 23.4185
v -5.0059 -26.7185 -31.9886
v -4.98426 5.28375 -6.23913
v -4.96493 -10.5648 12.7149
v -4.93064 15.4293 24.9545
v -4.8724 -8.01262 -5.92471
v -4.86081 5.17987 -12.5471
v -4.7374 4.85656 16.1128
v -4.71104 7.56977 12.0747
v -4.65159 14.0966 27.476
v -4.63202 16.8973 22.528
v -4.58696 -16.2411 -29.2621
v -4.5791 24.1492 22.1623
v -4.51301 -7.83162 -11.9579
v -4.50775 18.2911 25.2938
v -4.41542 24.1171 23.7333
v -4.39678 16.4417 27.4719
v -4.34878 12.8445 20.9763
v -4.29746 -16.742 -26.7886
v -4.17157 21.5326 23.2681
v -4.14462 25.8009 24.0259
v -4.12088 12.5539 24.5653
v -4.07967 -9.13337 -18.5969
v -4.03948 26.5231 24.055
v -4.0359 26.1444 23.4253
v -4.02439 9.42228 17.8739
v -3.89012 11.1017 14.7301
v -3.86448 13.1137 30.3008
v -3.77931 14.9214 17.6815
v -3.7435 11.6773 27.6399
v -3.71441 24.6274 22.1713
v -3.68612 18.2862 19.988
v -3.66536 14.9752 30.4316
v -3.60763 -6.52222 -27.0781
v -3.60175 21.4236 21.972
v -3.52913 8.81023 6.58762
v -3.37365 7.46559 -0.0501267
v -3.30172 -9.24832 -23.9349
v -3.2619 22.1795 23.3649
v -3.20022 24.7602 23.7618
v -3.09748 11.1799 30.4443
v -3.04787 6.75618 -6.56052
v -3.02497 24.9779 22.5708
v -2.99057 -0.427684 -25.8552
v -2.79515 25.0346 23.2376
v -2.78332 12.8076 11.4479
v -2.75427 13.9188 32.3495
v -2.7307 12.4881 32.7037
v -2.72758 -8.30957 6.90372
v -2.69871 -8.49912 0.650573
v -2.68792 -8.13277 12.0072
v -2.62007 19.5754 25.5054
v -2.61831 21.6748 20.2487
v -2.60442 6.37452 -13.8373
v -2.6036 -6.36322 15.4834
v -2.58711 17.4818 27.7483
v -2.56917 16.5697 15.0905
v -2.54638 -8.57992 -5.96236
v -2.49849 -1.3956 16.8543
v -2.44737 11.3265 32.136
v -2.44148 8.74733 18.7036
v -2.43801 11.1558 20.844
v -2.4319 19.3073 17.9711
v -2.4265 21.3938 24.0857
v -2.42648 4.42348 17.4759
v -2.31057 11.2289 24.2038
v -2.2156 -8.43067 -12.1454
v -2.17771 22.7266 20.9077
v -2.17459 22.2738 23.4248
v -2.15939 15.7763 30.8786
v -2.06448 10.4149 27.8426
v -2.03639 22.804 22.7609
v -1.89716 -7.87087 -17.7104
v -1.86049 23.144 21.4829
v -1.78188 -6.72027 -22.4694
v -1.70508 10.1621 30.8198
v -1.65992 14.1333 33.4359
v -1.65871 22.8454 21.9546
v -1.63637 -4.34002 -25.4899
v -1.58159 8.27963 -0.120677
v -1.57095 10.1209 5.48852
v -1.44863 13.5623 10.2028
v -1.44144 7.45097 -6.67061
v -1.4237 10.6924 32.928
v -1.41167 12.2274 33.9595
v -1.37639 17.8249 -32.251
v -1.37269 5.54584 -23.2311
v -1.30299 8.09118 -28.2148
v -1.29948 17.2103 14.0639
v -1.29378 23.2278 -31.5871
v -1.28649 11.7973 -31.7157
v -1.27725 17.9084 -31.5513
v -1.23504 12.2085 -31.0753
v -1.22726 -0.0913086 -25.8398
v -1.21302 8.67913 -27.5804
v -1.20829 19.6717 17.1138
v -1.20111 5.07078 -24.0436
v -1.20111 6.23496 -22.5759
v -1.15858 21.7729 -31.2293
v -1.1541 22.6379 22.9725
v -1.13144 17.842 -33.1146
v -1.12494 21.2128 19.2414
v -1.11137 7.04737 -14.2071
v -1.09378 21.9397 -32.4175
v -1.06721 7.69933 -29.045
v -1.01632 11.5493 -32.5631
v -0.999278 22.1001 20.3357
v -0.883393 22.5352 21.0552
v -0.829353 22.7197 22.0583
v -0.759753 25.0597 -31.4907
v -0.756443 23.1142 -30.9088
v -0.746523 18.1612 -31.3833
v -0.730738 12.7126 -30.8666
v -0.727283 23.4884 -32.6166
v -0.709822 9.28038 -27.3114
v -0.686352 5.09165 -24.8542
v -0.686352 6.8563 -22.2369
v -0.629878 17.8912 -33.7743
v -0.593178 7.68633 -29.901
v -0.555763 11.5349 -33.3927
v -2.97702e-006 17.9238 -34.0531
v -2.95516e-006 11.5861 -33.8031
v -2.86366e-006 23.5139 -32.7565
v -2.76119e-006 25.0828 -31.5843
v -2.74789e-006 18.3299 -31.4322
v -2.70935e-006 23.1738 -30.9913
v -2.69875e-006 12.9879 -30.8701
v -2.65201e-006 7.77453 -30.3355
v -2.38387e-006 9.58438 -27.2683
v -2.25073e-006 0.0323814 -25.7453
v -2.20822e-006 5.22606 -25.2591
v -2.19195e-006 -4.24697 -25.073
v -1.93612e-006 7.15002 -22.1466
v -1.93062e-006 -6.69767 -22.0837
v -1.53015e-006 -7.92167 -17.5029
v -1.23807e-006 7.25334 -14.1619
v -1.05402e-006 -8.52077 -12.0566
v -5.83357e-007 7.60396 -6.67283
v -5.19209e-007 -8.65122 -5.93906
v -1.52751e-008 8.44923 -0.174727
v 5.72596e-008 -8.46922 0.654973
v 4.71438e-007 10.3086 5.39262
v 6.04115e-007 -8.19422 6.91027
v 8.82052e-007 13.7018 10.0895
v 1.05009e-006 -8.04572 12.0116
v 1.21882e-006 17.2787 13.9417
v 1.35594e-006 -6.34402 15.5102
v 1.48247e-006 -1.40942 16.9575
v 1.484e-006 19.6898 16.975
v 1.53548e-006 4.38369 17.5638
v 1.62081e-006 8.66093 18.5399
v 1.66968e-006 21.2077 19.0989
v 1.76792e-006 22.1054 20.2226
v 1.79154e-006 10.9938 20.4928
v 1.83644e-006 22.5371 21.0064
v 1.93746e-006 22.594 22.162
v 2.06184e-006 22.1489 23.5847
v 2.10077e-006 10.954 24.03
v 2.23621e-006 19.8232 25.5793
v 2.44378e-006 10.0729 27.9536
v 2.44405e-006 17.6756 27.9567
v 2.71584e-006 9.88223 31.0656
v 2.72595e-006 15.9117 31.1812
v 2.90485e-006 10.5359 33.2276
v 2.95359e-006 14.1948 33.7851
v 2.99865e-006 12.1882 34.3006
v 0.555757 11.5349 -33.3927
v 0.593172 7.68633 -29.901
v 0.629872 17.8912 -33.7743
v 0.686348 5.09165 -24.8542
v 0.686348 6.8563 -22.2369
v 0.709818 9.28038 -27.3114
v 0.727277 23.4884 -32.6166
v 0.730732 12.7126 -30.8666
v 0.746517 18.1612 -31.3833
v 0.756437 23.1142 -30.9088
v 0.759747 25.0597 -31.4907
v 0.829357 22.7197 22.0583
v 0.883397 22.5352 21.0552
v 0.999282 22.1001 20.3357
v 1.01632 11.5493 -32.5631
v 1.06721 7.69933 -29.045
v 1.09378 21.9397 -32.4175
v 1.11137 7.04737 -14.2071
v 1.12494 21.2128 19.2414
v 1.13144 17.842 -33.1146
v 1.1541 22.6379 22.9725
v 1.15858 21.7729 -31.2293
v 1.20111 5.07078 -24.0436
v 1.20111 6.23496 -22.5759
v 1.20829 19.6717 17.1138
v 1.21302 8.67913 -27.5804
v 1.22726 -0.0913086 -25.8398
v 1.23504 12.2085 -31.0753
v 1.27725 17.9084 -31.5513
v 1.28649 11.7973 -31.7157
v 1.29378 23.2278 -31.5871
v 1.29948 17.2103 14.0639
v 1.30299 8.09118 -28.2148
v 1.37269 5.54584 -23.2311
v 1.37639 17.8249 -32.251
v 1.41167 12.2274 33.9595
v 1.4237 10.6924 32.928
v 1.44144 7.45097 -6.67061
v 1.44863 13.5623 10.2028
v 1.57095 10.1209 5.48852
v 1.58159 8.27963 -0.120677
v 1.63637 -4.34002 -25.4899
v 1.65871 22.8454 21.9546
v 1.65992 14.1333 33.4359
v 1.70508 10.1621 30.8198
v 1.78188 -6.72027 -22.4694
v 1.86049 23.144 21.4829
v 1.89716 -7.87087 -17.7104
v 2.03639 22.804 22.7609
v 2.06448 10.4149 27.8426
v 2.15939 15.7763 30.8786
v 2.17459 22.2738 23.4248
v 2.17771 22.7266 20.9077
v 2.2156 -8.43067 -12.1454
v 2.31057 11.2289 24.2038
v 2.42648 4.42348 17.4759
v 2.4265 21.3938 24.0857
v 2.4319 19.3073 17.9711
v 2.43801 11.1558 20.844
v 2.44148 8.74733 18.7036
v 2.44737 11.3265 32.136
v 2.49849 -1.3956 16.8543
v 2.54638 -8.57992 -5.96236
v 2.56917 16.5697 15.0905
v 2.58711 17.4818 27.7483
v 2.6036 -6.36322 15.4834
v 2.60442 6.37452 -13.8373
v 2.61831 21.6748 20.2487
v 2.62007 19.5754 25.5054
v 2.68792 -8.13277 12.0072
v 2.69871 -8.49912 0.650573
v 2.72758 -8.30957 6.90372
v 2.7307 12.4881 32.7037
v 2.75427 13.9188 32.3495
v 2.78332 12.8076 11.4479
v 2.79515 25.0346 23.2376
v 2.99057 -0.427684 -25.8552
v 3.02497 24.9779 22.5708
v 3.04787 6.75618 -6.56052
v 3.09748 11.1799 30.4443
v 3.20022 24.7602 23.7618
v 3.2619 22.1795 23.3649
v 3.30172 -9.24832 -23.9349
v 3.37365 7.46559 -0.0501273
v 3.52913 8.81023 6.58762
v 3.60175 21.4236 21.972
v 3.60763 -6.52222 -27.0781
v 3.66536 14.9752 30.4316
v 3.68612 18.2862 19.988
v 3.71441 24.6274 22.1713
v 3.7435 11.6773 27.6399
v 3.77931 14.9214 17.6815
v 3.86448 13.1137 30.3008
v 3.89012 11.1017 14.7301
v 4.02439 9.42228 17.8739
v 4.0359 26.1444 23.4253
v 4.03948 26.5231 24.055
v 4.07967 -9.13337 -18.5969
v 4.12088 12.5539 24.5653
v 4.14462 25.8009 24.0259
v 4.17157 21.5326 23.2681
v 4.29746 -16.742 -26.7886
v 4.34878 12.8445 20.9763
v 4.39678 16.4417 27.4719
v 4.41542 24.1171 23.7333
v 4.50775 18.2911 25.2938
v 4.51301 -7.83162 -11.9579
v 4.5791 24.1492 22.1623
v 4.58696 -16.2411 -29.2621
v 4.63202 16.8973 22.528
v 4.65159 14.0966 27.476
v 4.71104 7.56977 12.0747
v 4.7374 4.85656 16.1128
v 4.86081 5.17987 -12.5471
v 4.8724 -8.01262 -5.92471
v 4.93064 15.4293 24.9545
v 4.96493 -10.5648 12.7149
v 4.98426 5.28375 -6.23913
v 5.0059 -26.7185 -31.9886
v 5.01865 26.3919 23.4185
v 5.0192 -1.45376 16.3296
v 5.02775 4.99122 -17.9813
v 5.03115 -26.7185 -30.3364
v 5.06585 -8.05932 0.613724
v 5.22955 -16.9759 -23.8552
v 5.26325 25.7091 23.9695
v 5.2965 4.31901 -21.544
v 5.3347 23.7098 22.667
v 5.3632 -8.39077 15.9218
v 5.4212 -9.70797 7.69247
v 5.42355 25.5033 22.9862
v 5.4554 23.6016 23.3143
v 5.4996 26.6099 23.9412
v 5.5867 5.70164 -0.0547275
v 5.5887 2.54675 -23.8525
v 5.82595 -0.942039 -25.5236
v 5.8438 25.0131 23.5695
v 5.9464 -26.7185 -28.6901
v 6.00185 -6.88102 -27.2478
v 6.1099 -16.0038 -29.7155
v 6.18405 -26.7185 -32.5549
v 6.2424 25.578 23.333
v 6.3446 5.83075 5.68427
v 6.42015 -17.5127 14.8554
v 6.7274 2.86576 -5.87085
v 6.7577 -6.59567 -5.71855
v 6.76975 -6.62022 0.520672
v 6.81865 -17.3792 12.4622
v 6.89975 -17.2925 17.0275
v 6.93455 5.0683 10.6562
v 6.9741 -6.39502 -11.0402
v 7.0916 3.05521 -11.1044
v 7.10705 -9.09287 6.62862
v 7.2387 -8.75507 -16.2171
v 7.35 2.77621 14.0783
v 7.3714 -16.4124 -22.0222
v 7.4208 3.00444 -0.0243273
v 7.4381 -26.7185 -28.1414
v 7.46445 -26.7185 17.7125
v 7.58445 -1.68355 15.1678
v 7.6321 1.39019 -22.762
v 7.67575 -26.7185 -32.0179
v 7.75415 -0.665719 -5.62011
v 7.7825 -4.14817 0.367722
v 7.80755 -26.7185 16.3898
v 7.8393 -4.19232 -5.54874
v 7.84245 3.07656 -15.8516
v 7.8664 -16.6377 11.5565
v 7.88185 -8.27767 15.655
v 7.90945 -26.7185 19.0147
v 7.9482 -15.8686 -28.2456
v 8.0761 -0.609388 0.151272
v 8.20485 -6.77667 -25.2517
v 8.3089 2.43361 -20.2389
v 8.39215 -6.04907 7.10617
v 8.42985 -1.20043 -23.8146
v 8.4396 3.03187 5.58652
v 8.48635 -16.9728 17.2699
v 8.50795 -0.407664 -10.2771
v 8.591 -26.7185 -30.3599
v 8.61625 -26.7185 -28.696
v 8.629 -3.97047 -10.208
v 8.7796 1.34146 12.6093
v 8.83675 -26.7185 15.8944
v 8.8755 -0.649664 5.79867
v 9.0518 2.50872 10.113
v 9.0691 -15.9799 12.0791
v 9.1838 -15.6743 -24.9492
v 9.19785 -15.7468 -22.1126
v 9.24435 -26.7185 19.4488
v 9.3705 -1.71985 13.1566
v 9.4014 -0.290354 -14.6821
v 9.4959 -7.06237 11.1693
v 9.4985 -0.768909 -19.6977
v 9.5014 -7.78247 13.897
v 9.5539 -1.19752 10.0837
v 9.5589 -6.42577 -20.9309
v 9.78995 -5.71662 -15.2797
v 9.918 -16.5694 16.084
v 9.9326 -16.0978 13.971
v 9.9679 -26.7185 16.2876
v 10.4774 -26.7185 18.9943
v 10.6167 -26.7185 17.6308
f 67 78 62
f 78 71 62
f 104 107 78
f 107 71 78
f 108 84 107
f 84 71 107
f 73 62 71
f 73 71 84
f 130 131 160
f 131 168 160
f 143 167 131
f 167 168 131
f 247 249 168
f 247 168 167
f 248 160 168
f 248 168 249
f 24 42 81
f 85 81 63
f 81 66 24
f 63 81 42
f 23 24 46
f 46 24 66
f 34 14 45
f 2 1 14
f 3 20 1
f 14 1 45
f 39 45 20
f 20 45 1
f 37 30 10
f 37 10 12
f 43 28 10
f 43 10 30
f 31 7 28
f 7 10 28
f 6 12 10
f 6 10 7
f 59 52 25
f 59 25 41
f 37 12 52
f 12 25 52
f 6 22 12
f 22 25 12
f 38 41 22
f 41 25 22
f 21 18 8
f 21 8 13
f 27 19 18
f 19 8 18
f 29 11 8
f 29 8 19
f 9 13 11
f 13 8 11
f 106 156 97
f 156 150 97
f 218 220 150
f 218 150 156
f 222 141 150
f 222 150 220
f 89 97 141
f 97 150 141
f 6 50 53
f 6 53 22
f 106 97 50
f 97 53 50
f 89 58 53
f 89 53 97
f 38 22 58
f 22 53 58
f 218 156 217
f 156 158 217
f 106 121 158
f 106 158 156
f 117 162 158
f 117 158 121
f 215 217 158
f 215 158 162
f 74 132 134
f 74 134 87
f 226 228 134
f 226 134 132
f 230 138 228
f 138 134 228
f 75 87 134
f 75 134 138
f 119 61 54
f 119 54 92
f 27 18 54
f 27 54 61
f 21 49 18
f 49 54 18
f 91 92 49
f 92 54 49
f 125 166 137
f 166 186 137
f 221 219 166
f 219 186 166
f 216 200 186
f 216 186 219
f 181 137 186
f 181 186 200
f 59 86 52
f 86 90 52
f 125 137 90
f 125 90 86
f 181 82 137
f 82 90 137
f 37 52 90
f 37 90 82
f 43 69 68
f 43 68 28
f 180 127 69
f 127 68 69
f 117 65 68
f 117 68 127
f 31 28 68
f 31 68 65
f 91 49 83
f 49 44 83
f 21 13 44
f 21 44 49
f 9 35 44
f 9 44 13
f 75 83 44
f 75 44 35
f 233 148 142
f 233 142 231
f 91 83 148
f 83 142 148
f 75 138 83
f 138 142 83
f 230 231 142
f 230 142 138
f 34 45 55
f 45 60 55
f 39 56 60
f 39 60 45
f 74 87 56
f 87 60 56
f 75 55 87
f 55 60 87
f 39 20 56
f 20 36 56
f 3 17 36
f 3 36 20
f 29 51 17
f 51 36 17
f 74 56 36
f 74 36 51
f 9 5 35
f 5 26 35
f 2 14 26
f 2 26 5
f 34 55 26
f 34 26 14
f 75 35 55
f 35 26 55
f 3 1 4
f 3 4 17
f 2 5 1
f 5 4 1
f 9 11 4
f 9 4 5
f 29 17 11
f 17 4 11
f 106 79 121
f 79 102 121
f 66 81 102
f 66 102 79
f 85 95 81
f 95 102 81
f 117 121 95
f 121 102 95
f 6 15 50
f 15 48 50
f 23 46 48
f 23 48 15
f 66 79 46
f 79 48 46
f 106 50 48
f 106 48 79
f 85 63 64
f 85 64 95
f 42 33 64
f 42 64 63
f 31 65 33
f 65 64 33
f 117 95 65
f 95 64 65
f 31 33 16
f 31 16 7
f 42 24 33
f 24 16 33
f 23 15 16
f 23 16 24
f 6 7 15
f 7 16 15
f 215 162 177
f 215 177 213
f 117 127 162
f 127 177 162
f 180 199 177
f 180 177 127
f 214 213 199
f 213 177 199
f 38 40 32
f 38 32 41
f 29 19 40
f 19 32 40
f 27 47 32
f 27 32 19
f 59 41 47
f 41 32 47
f 226 132 224
f 132 133 224
f 74 80 132
f 80 133 132
f 89 141 133
f 89 133 80
f 222 224 141
f 224 133 141
f 74 51 80
f 51 57 80
f 29 40 57
f 29 57 51
f 38 58 57
f 38 57 40
f 89 80 58
f 80 57 58
f 119 164 120
f 164 163 120
f 225 223 163
f 225 163 164
f 221 166 223
f 166 163 223
f 125 120 163
f 125 163 166
f 27 61 47
f 61 70 47
f 119 120 61
f 120 70 61
f 125 86 120
f 86 70 120
f 59 47 70
f 59 70 86
f 233 234 148
f 234 144 148
f 237 145 144
f 237 144 234
f 101 109 145
f 109 144 145
f 91 148 144
f 91 144 109
f 91 109 92
f 109 110 92
f 101 112 109
f 112 110 109
f 140 129 110
f 140 110 112
f 119 92 129
f 92 110 129
f 205 211 203
f 211 202 203
f 214 199 202
f 214 202 211
f 180 188 199
f 188 202 199
f 189 203 202
f 189 202 188
f 206 204 201
f 206 201 197
f 205 203 201
f 205 201 204
f 189 184 203
f 184 201 203
f 187 197 201
f 187 201 184
f 189 188 174
f 188 171 174
f 180 170 171
f 180 171 188
f 181 178 170
f 178 171 170
f 176 174 171
f 176 171 178
f 225 164 165
f 225 165 227
f 119 129 165
f 119 165 164
f 140 172 129
f 172 165 129
f 229 227 172
f 227 165 172
f 37 82 30
f 82 77 30
f 181 170 77
f 181 77 82
f 180 69 77
f 180 77 170
f 43 30 77
f 43 77 69
f 210 196 212
f 196 198 212
f 176 178 198
f 176 198 196
f 181 200 198
f 181 198 178
f 216 212 198
f 216 198 200
f 209 194 208
f 194 195 208
f 182 175 195
f 182 195 194
f 176 196 175
f 196 195 175
f 210 208 195
f 210 195 196
f 182 173 169
f 182 169 175
f 187 184 169
f 187 169 173
f 189 174 184
f 174 169 184
f 176 175 169
f 176 169 174
f 209 207 193
f 209 193 194
f 206 197 207
f 197 193 207
f 187 173 197
f 173 193 197
f 182 194 173
f 194 193 173
f 136 146 115
f 136 115 118
f 140 112 146
f 112 115 146
f 101 94 112
f 94 115 112
f 103 118 115
f 103 115 94
f 240 239 183
f 239 192 183
f 238 191 192
f 238 192 239
f 157 161 191
f 161 192 191
f 155 183 161
f 183 192 161
f 103 147 122
f 147 152 122
f 240 183 147
f 183 152 147
f 155 122 152
f 155 152 183
f 108 107 128
f 108 128 126
f 104 123 128
f 104 128 107
f 155 161 128
f 155 128 123
f 157 126 161
f 126 128 161
f 136 96 151
f 96 114 151
f 73 84 114
f 73 114 96
f 108 126 114
f 108 114 84
f 157 151 114
f 157 114 126
f 103 72 76
f 103 76 118
f 67 62 76
f 67 76 72
f 73 96 76
f 73 76 62
f 136 118 96
f 118 76 96
f 104 78 99
f 104 99 123
f 67 72 99
f 67 99 78
f 103 122 72
f 122 99 72
f 155 123 122
f 123 99 122
f 136 185 146
f 185 179 146
f 235 232 179
f 235 179 185
f 229 172 232
f 172 179 232
f 140 146 179
f 140 179 172
f 157 191 151
f 191 190 151
f 238 236 190
f 238 190 191
f 235 185 236
f 185 190 236
f 136 151 190
f 136 190 185
f 243 245 159
f 243 159 154
f 247 167 245
f 167 159 245
f 143 124 159
f 143 159 167
f 113 154 124
f 154 159 124
f 237 241 145
f 241 149 145
f 243 154 241
f 154 149 241
f 113 105 149
f 113 149 154
f 101 145 149
f 101 149 105
f 244 242 135
f 244 135 139
f 240 147 242
f 147 135 242
f 103 98 135
f 103 135 147
f 100 139 98
f 139 135 98
f 248 246 160
f 246 153 160
f 244 139 153
f 244 153 246
f 100 116 139
f 116 153 139
f 130 160 153
f 130 153 116
f 100 98 88
f 100 88 93
f 103 94 98
f 94 88 98
f 101 105 88
f 101 88 94
f 113 93 105
f 93 88 105
f 130 116 111
f 130 111 131
f 100 93 116
f 93 111 116
f 113 124 111
f 113 111 93
f 143 131 124
f 131 111 124
f 323 322 342
f 323 342 337
f 310 329 322
f 329 342 322
f 340 360 342
f 340 342 329
f 353 337 360
f 337 342 360
f 353 360 365
f 353 365 355
f 340 348 360
f 348 365 360
f 352 359 365
f 352 365 348
f 350 355 359
f 355 365 359
f 248 293 246
f 293 300 246
f 323 337 300
f 323 300 293
f 353 314 337
f 314 300 337
f 244 246 300
f 244 300 314
f 244 314 318
f 244 318 242
f 353 355 314
f 355 318 314
f 350 306 318
f 350 318 355
f 240 242 306
f 242 318 306
f 237 308 241
f 308 304 241
f 352 348 304
f 352 304 308
f 340 299 304
f 340 304 348
f 243 241 299
f 241 304 299
f 243 299 294
f 243 294 245
f 340 329 299
f 329 294 299
f 310 286 294
f 310 294 329
f 247 245 286
f 245 294 286
f 296 302 262
f 302 263 262
f 317 268 263
f 317 263 302
f 235 236 268
f 236 263 268
f 238 262 263
f 238 263 236
f 317 307 268
f 307 274 268
f 313 281 274
f 313 274 307
f 229 232 281
f 232 274 281
f 235 268 274
f 235 274 232
f 349 330 354
f 349 354 375
f 298 331 330
f 331 354 330
f 350 381 331
f 381 354 331
f 386 375 354
f 386 354 381
f 350 335 377
f 350 377 381
f 317 357 335
f 357 377 335
f 380 391 377
f 380 377 357
f 386 381 377
f 386 377 391
f 317 302 357
f 302 339 357
f 296 327 339
f 296 339 302
f 345 369 339
f 345 339 327
f 380 357 339
f 380 339 369
f 345 327 325
f 345 325 346
f 296 292 327
f 292 325 327
f 298 330 325
f 298 325 292
f 349 346 325
f 349 325 330
f 298 270 301
f 298 301 331
f 240 306 270
f 306 301 270
f 350 331 306
f 331 301 306
f 240 270 239
f 270 261 239
f 298 292 270
f 292 261 270
f 296 262 292
f 262 261 292
f 238 239 261
f 238 261 262
f 317 335 338
f 317 338 307
f 350 359 338
f 350 338 335
f 352 341 359
f 341 338 359
f 313 307 341
f 307 338 341
f 209 259 260
f 209 260 207
f 271 280 259
f 280 260 259
f 266 256 280
f 256 260 280
f 206 207 256
f 207 260 256
f 271 278 284
f 271 284 280
f 277 279 284
f 277 284 278
f 264 269 279
f 269 284 279
f 266 280 284
f 266 284 269
f 209 208 259
f 208 258 259
f 210 257 258
f 210 258 208
f 277 278 257
f 278 258 257
f 271 259 258
f 271 258 278
f 210 212 257
f 212 255 257
f 216 254 255
f 216 255 212
f 273 275 255
f 273 255 254
f 277 257 255
f 277 255 275
f 416 423 371
f 423 376 371
f 410 384 376
f 410 376 423
f 272 283 376
f 272 376 384
f 273 371 376
f 273 376 283
f 225 227 288
f 225 288 289
f 229 281 227
f 281 288 227
f 313 324 281
f 324 288 281
f 334 289 288
f 334 288 324
f 264 279 265
f 279 282 265
f 277 275 282
f 277 282 279
f 273 283 275
f 283 282 275
f 272 265 282
f 272 282 283
f 206 256 252
f 206 252 204
f 266 269 252
f 266 252 256
f 264 250 269
f 250 252 269
f 205 204 252
f 205 252 250
f 205 250 211
f 250 251 211
f 264 265 251
f 264 251 250
f 272 253 265
f 253 251 265
f 214 211 251
f 214 251 253
f 362 361 344
f 361 343 344
f 334 324 361
f 324 343 361
f 313 341 343
f 313 343 324
f 352 344 341
f 344 343 341
f 233 305 234
f 305 309 234
f 362 344 309
f 362 309 305
f 352 308 344
f 308 309 344
f 237 234 309
f 237 309 308
f 426 406 392
f 406 383 392
f 394 367 383
f 394 383 406
f 328 333 367
f 333 383 367
f 334 392 333
f 392 383 333
f 334 333 289
f 333 290 289
f 328 287 290
f 328 290 333
f 221 223 287
f 223 290 287
f 225 289 290
f 225 290 223
f 379 373 402
f 373 396 402
f 364 395 373
f 395 396 373
f 415 413 396
f 415 396 395
f 424 402 396
f 424 396 413
f 226 224 321
f 224 320 321
f 222 312 224
f 312 320 224
f 364 373 320
f 364 320 312
f 379 321 373
f 321 320 373
f 415 412 421
f 415 421 413
f 394 406 412
f 406 421 412
f 426 434 421
f 426 421 406
f 424 413 434
f 413 421 434
f 215 213 276
f 215 276 291
f 214 253 213
f 253 276 213
f 272 326 276
f 272 276 253
f 336 291 326
f 291 276 326
f 422 446 437
f 422 437 420
f 447 438 446
f 438 437 446
f 430 429 437
f 430 437 438
f 411 420 429
f 420 437 429
f 368 358 389
f 368 389 390
f 336 388 358
f 388 389 358
f 422 420 388
f 420 389 388
f 411 390 389
f 411 389 420
f 447 403 438
f 403 405 438
f 347 374 405
f 347 405 403
f 387 407 374
f 407 405 374
f 430 438 405
f 430 405 407
f 347 332 374
f 332 351 374
f 336 358 332
f 358 351 332
f 368 372 358
f 372 351 358
f 387 374 351
f 387 351 372
f 450 436 449
f 450 449 452
f 424 442 436
f 442 449 436
f 444 448 449
f 444 449 442
f 451 452 448
f 452 449 448
f 444 418 448
f 418 427 448
f 378 398 418
f 398 427 418
f 419 439 427
f 419 427 398
f 451 448 427
f 451 427 439
f 414 397 433
f 397 417 433
f 379 402 417
f 379 417 397
f 424 436 402
f 436 417 402
f 450 433 417
f 450 417 436
f 419 398 408
f 398 393 408
f 378 366 398
f 366 393 398
f 379 397 366
f 397 393 366
f 414 408 393
f 414 393 397
f 233 231 311
f 233 311 305
f 230 315 311
f 230 311 231
f 378 370 315
f 370 311 315
f 362 305 370
f 305 311 370
f 362 370 404
f 370 409 404
f 378 418 409
f 378 409 370
f 444 440 409
f 444 409 418
f 432 404 409
f 432 409 440
f 410 425 385
f 410 385 384
f 422 388 385
f 422 385 425
f 336 326 385
f 336 385 388
f 272 384 326
f 384 385 326
f 394 401 367
f 401 363 367
f 416 371 363
f 416 363 401
f 273 316 371
f 316 363 371
f 328 367 363
f 328 363 316
f 328 316 287
f 316 267 287
f 273 254 267
f 273 267 316
f 216 219 267
f 216 267 254
f 221 287 219
f 287 267 219
f 334 361 399
f 334 399 392
f 362 404 361
f 404 399 361
f 432 435 404
f 435 399 404
f 426 392 399
f 426 399 435
f 379 366 319
f 379 319 321
f 378 315 319
f 378 319 366
f 230 228 315
f 228 319 315
f 226 321 319
f 226 319 228
f 218 217 297
f 217 295 297
f 215 291 295
f 215 295 217
f 336 332 295
f 336 295 291
f 347 297 295
f 347 295 332
f 447 431 400
f 447 400 403
f 415 395 431
f 395 400 431
f 364 356 400
f 364 400 395
f 347 403 356
f 403 400 356
f 347 356 297
f 356 303 297
f 364 312 356
f 312 303 356
f 222 220 303
f 222 303 312
f 218 297 303
f 218 303 220
f 432 440 445
f 432 445 435
f 444 442 440
f 442 445 440
f 424 434 445
f 424 445 442
f 426 435 434
f 435 445 434
f 394 412 428
f 394 428 401
f 415 431 412
f 431 428 412
f 447 441 431
f 441 428 431
f 416 401 441
f 401 428 441
f 416 441 443
f 416 443 423
f 447 446 443
f 447 443 441
f 422 425 446
f 425 443 446
f 410 423 443
f 410 443 425
f 452 419 414
f 419 452 439
f 452 414 450
f 408 414 419
f 433 450 414
f 451 439 452
f 390 411 372
f 430 407 429
f 387 372 429
f 387 429 407
f 368 390 372
f 429 372 411
f 323 293 322
f 293 285 322
f 248 249 285
f 248 285 293
f 247 286 285
f 247 285 249
f 310 322 286
f 322 285 286
f 386 391 375
f 391 382 375
f 380 369 382
f 380 382 391
f 345 346 369
f 346 382 369
f 349 375 346
f 375 382 346
