#This file is generated by ISE
v -2.71565 11.7088 14.6103
v -4.81396 11.7394 14.0719
v -3.38344 14.6928 14.0719
v -6.73939 11.7444 13.25
v -8.67902 11.7634 12.0741
v -7.43259 14.7533 12.4007
v -3.98159 17.438 13.25
v -6.1036 17.4971 12.4007
v -4.59306 20.1992 12.0741
v -10.2879 11.7623 10.7333
v -11.856 11.71 8.96484
v -10.9366 14.7227 9.45989
v -8.04493 17.5167 11.2309
v -9.92624 17.4671 9.62195
v -8.59481 20.2159 9.62195
v -5.08948 22.4947 10.7333
v -7.167 22.5053 9.45989
v -5.54095 24.748 8.96484
v -0.639848 11.6996 14.8503
v -1.87077 17.3822 13.7307
v 1.0359 13.5372 14.6103
v 0.406868 16.5401 14.0719
v 2.7215 15.412 14.0719
v -2.95979 22.4097 11.5553
v -0.184965 19.2884 13.25
v -0.772244 22.0614 12.0741
v 1.50862 21.2072 12.4007
v 4.27725 17.1136 13.25
v 3.65898 20.1591 12.4007
v 5.83897 18.8392 12.0741
v -3.8201 26.3813 8.49252
v -1.27016 24.3562 10.7333
v -1.78786 26.5772 8.96484
v 0.406445 26.1964 9.45989
v 3.07151 22.9347 11.2309
v 2.45867 25.6032 9.62195
v 4.61298 24.5532 9.62195
v 7.14103 20.2567 10.7333
v 6.50574 23.2238 9.45989
v 8.43016 21.5971 8.96484
v 1.67153 10.5731 14.8503
v 4.89412 14.0851 13.7307
v 3.35449 8.75035 14.6103
v 5.06404 10.5757 14.0719
v 5.06404 7.53378 14.0719
v 7.74521 17.1923 11.5553
v 6.62369 12.2692 13.25
v 8.20036 13.9639 12.0741
v 8.36359 10.4461 12.4007
v 6.62369 6.40473 13.25
v 8.36359 7.62014 12.4007
v 8.20036 5.27493 12.0741
v 9.99753 19.6469 8.49252
v 9.50149 15.3834 10.7333
v 10.7497 16.8083 8.96484
v 11.1864 13.5602 9.45989
v 9.94185 8.75035 11.2309
v 11.4444 10.4492 9.62195
v 11.4444 7.61806 9.62195
v 9.50149 4.32863 10.7333
v 11.1864 5.54406 9.45989
v 10.7497 3.37872 8.96484
v 1.67153 7.53549 14.8503
v 4.89412 5.19414 13.7307
v 1.0359 5.55939 14.6103
v 2.7215 4.30955 14.0719
v 0.406867 3.55748 14.0719
v 7.74521 3.1227 11.5553
v 4.27725 3.17513 13.25
v 5.83896 2.02475 12.0741
v 3.65898 1.1448 12.4007
v -0.184966 1.72527 13.25
v 1.50862 0.446109 12.4007
v -0.772246 -0.123361 12.0741
v 9.99753 1.48629 8.49252
v 7.14102 1.07973 10.7333
v 8.43016 0.186148 8.96484
v 6.50574 -0.898297 9.45989
v 3.07151 -0.70556 11.2309
v 4.61298 -1.78459 9.62195
v 2.45867 -2.48456 9.62195
v -1.27016 -1.65323 10.7333
v 0.406443 -2.88008 9.45989
v -1.78786 -3.13389 8.96484
v -2.06836 8.75035 14.8503
v -0.639849 6.78448 14.8503
v -1.87077 2.99609 13.7307
v -2.71565 6.77834 14.6103
v -3.38344 4.78903 14.0719
v -6.0517 8.75035 13.7307
v -4.81396 6.75797 14.0719
v -2.95979 -0.355563 11.5553
v -3.98159 2.95887 13.25
v -4.59307 1.1181 12.0741
v -6.1036 2.91947 12.4007
v -6.73939 6.75465 13.25
v -7.43259 4.74867 12.4007
v -9.57584 8.75035 11.5553
v -8.67902 6.74193 12.0741
v -3.8201 -3.00333 8.49252
v -5.08948 -0.412262 10.7333
v -5.54096 -1.91443 8.96484
v -7.167 -0.419316 9.45989
v -8.04493 2.90639 11.2309
v -8.59481 1.10693 9.62195
v -9.92625 2.93949 9.62195
v -10.2879 6.74272 10.7333
v -10.9366 4.76906 9.45989
v -12.3599 8.75035 8.49252
v -11.856 6.77753 8.96484
v -14.5716 8.75036 3.53379
v -14.8518 7.53355 1.76332
v -14.8518 10.576 1.76332
v -14.8152 6.40432 0.000491782
v -14.4661 5.27501 -1.93542
v -14.8324 7.62015 -1.9352
v -14.8152 12.2699 0.000491772
v -14.8324 10.4461 -1.9352
v -14.4661 13.9638 -1.93542
v -13.8497 4.32871 -3.69882
v -12.825 3.37933 -5.60563
v -13.4644 5.54406 -5.77516
v -14.4919 8.75036 -3.87
v -13.7248 7.61807 -5.93346
v -13.7248 10.4492 -5.93346
v -13.8497 15.3833 -3.69882
v -13.4644 13.5602 -5.77516
v -12.825 16.8074 -5.60563
v -4.50356 29.5365 3.53379
v -5.74768 29.3721 1.76332
v -3.43262 30.5005 1.76332
v -6.81034 28.7965 0.000491784
v -7.77651 27.7751 -1.93542
v -5.65933 29.3846 -1.9352
v -2.34734 30.9717 0.000491791
v -3.50897 30.4326 -1.9352
v -1.16544 30.9972 -1.93542
v -8.48601 26.457 -3.69882
v -9.07226 24.5551 -5.60563
v -7.21108 26.4708 -5.77516
v -4.47893 29.4228 -3.87
v -5.31903 27.8035 -5.93346
v -3.16472 28.8535 -5.93346
v -0.0749731 30.5564 -3.69882
v -1.11178 29.4434 -5.77516
v 1.14462 29.5346 -5.60563
v 11.7868 21.5969 3.53379
v 11.2982 23.321 1.76332
v 12.7289 20.367 1.76332
v 10.6048 24.659 0.000491813
v 9.65862 25.7217 -1.93542
v 11.3334 23.1988 -1.9352
v 13.3631 18.9644 0.000491808
v 12.6623 20.455 -1.9352
v 13.7445 17.2862 -1.93542
v 8.6037 26.3266 -3.69882
v 7.21662 26.5752 -5.60563
v 9.00636 24.512 -5.77516
v 11.7224 21.5267 -3.87
v 10.4361 22.2247 -5.93346
v 11.7675 19.4759 -5.93346
v 13.802 15.5943 -3.69882
v 12.7759 16.7295 -5.77516
v 13.531 13.5387 -5.60563
v 11.7868 0.186278 3.53379
v 12.7289 1.00622 1.76332
v 11.2982 -0.963088 1.76332
v 13.3631 1.94131 0.00049181
v 13.7445 3.06011 -1.93542
v 12.6623 0.947578 -1.9352
v 10.6048 -1.85514 0.0004918
v 11.3334 -0.881623 -1.9352
v 9.65862 -2.5636 -1.93542
v 13.802 4.188 -3.69882
v 13.531 5.55841 -5.60563
v 12.7759 3.43123 -5.77516
v 11.7224 0.233121 -3.87
v 11.7675 1.6003 -5.93346
v 10.4361 -0.232264 -5.93346
v 8.6037 -2.96685 -3.69882
v 9.00636 -1.75714 -5.77516
v 7.21662 -3.13258 -5.60563
v -4.50356 -5.10679 3.53379
v -3.43262 -5.74941 1.76332
v -5.74768 -4.9972 1.76332
v -2.34734 -6.06355 0.000491782
v -1.16544 -6.08055 -1.93542
v -3.50898 -5.70419 -1.9352
v -6.81034 -4.61343 0.000491788
v -5.65933 -5.00549 -1.9352
v -7.77651 -3.93248 -1.93542
v -0.0749741 -5.78672 -3.69882
v 1.14462 -5.1055 -5.60563
v -1.11178 -5.04473 -5.77516
v -4.47893 -5.031 -3.87
v -3.16473 -4.65142 -5.93346
v -5.31904 -3.95144 -5.93346
v -8.48601 -3.05381 -3.69882
v -7.21108 -3.06295 -5.77516
v -9.07227 -1.78583 -5.60563
v -12.0665 19.646 -5.1442
v -10.6377 22.5959 -5.1442
v -9.61694 25.8252 -1.76056
v -11.7888 21.5969 -3.53179
v -11.3002 23.321 -1.76132
v -13.7986 17.1919 -1.76056
v -12.7309 20.367 -1.76132
v -7.8556 27.7447 1.76256
v -10.6068 24.659 0.00150739
v -9.66062 25.7217 1.93742
v -11.3354 23.1988 1.9372
v -13.3651 18.9644 0.00150739
v -12.6643 20.455 1.9372
v -14.4713 14.086 1.76256
v -13.7465 17.2862 1.93742
v -5.88807 26.3813 7.21441
v -5.49267 28.203 5.1462
v -8.6057 26.3266 3.70082
v -7.21862 26.5752 5.60763
v -9.01069 22.408 7.81347
v -9.00836 24.5121 5.77716
v -11.7244 21.5267 3.872
v -10.438 22.2247 5.93546
v -11.4446 17.383 7.81347
v -11.7695 19.4759 5.93546
v -13.804 15.5943 3.70082
v -12.7779 16.7295 5.77716
v -14.0317 10.5735 5.1462
v -12.9989 11.7005 7.21441
v -13.533 13.5387 5.60763
v 3.17879 29.3298 -5.1442
v 5.49067 28.203 -5.1442
v 7.85361 27.7447 -1.76056
v 4.50156 29.5365 -3.53179
v 5.74568 29.3721 -1.76132
v 1.08757 31.0424 -1.76056
v 3.43062 30.5004 -1.76132
v 9.61494 25.8252 1.76256
v 6.80834 28.7965 0.00150742
v 7.77451 27.7751 1.93742
v 5.65733 29.3846 1.9372
v 2.34534 30.9717 0.00150741
v 3.50698 30.4326 1.9372
v -1.08956 31.0424 1.76256
v 1.16344 30.9972 1.93742
v 9.35847 22.597 7.21441
v 10.6357 22.5959 5.1462
v 8.48401 26.457 3.70082
v 9.07026 24.5551 5.60763
v 5.87434 25.8239 7.81347
v 7.20908 26.4708 5.77716
v 4.47693 29.4228 3.872
v 5.31704 27.8035 5.93546
v 1.93614 27.7433 7.81347
v 3.16273 28.8535 5.93546
v 0.072975 30.5564 3.70082
v 1.10978 29.4434 5.77716
v -3.18079 29.3297 5.1462
v -2.14706 28.2046 7.21441
v -1.14661 29.5346 5.60763
v 14.0297 10.5735 -5.1442
v 14.0297 7.53522 -5.1442
v 14.4693 5.19353 -1.76056
v 14.5696 8.75035 -3.53179
v 14.8498 7.53355 -1.76132
v 14.4694 14.086 -1.76056
v 14.8498 10.576 -1.76132
v 13.7966 3.12296 1.76256
v 14.8132 6.40431 0.00150742
v 14.4641 5.27501 1.93742
v 14.8304 7.62014 1.9372
v 14.8132 12.2699 0.00150742
v 14.8304 10.4461 1.9372
v 13.7966 17.1919 1.76256
v 14.4641 13.9638 1.93742
v 11.6705 2.70184 7.21441
v 12.0645 1.4869 5.1462
v 13.8477 4.32871 3.70082
v 12.823 3.37932 5.60763
v 12.6398 6.68022 7.81347
v 13.4624 5.54406 5.77716
v 14.4899 8.75035 3.872
v 13.7228 7.61806 5.93546
v 12.6398 11.856 7.81347
v 13.7228 10.4492 5.93546
v 13.8477 15.3833 3.70082
v 13.4624 13.5602 5.77716
v 12.0645 19.646 5.1462
v 11.6705 17.8236 7.21441
v 12.823 16.8073 5.60763
v 5.49067 -4.21777 -5.1442
v 3.17879 -4.96894 -5.1442
v 1.08756 -6.11068 -1.76056
v 4.50156 -5.10679 -3.53179
v 3.43062 -5.74941 -1.76132
v 7.8536 -3.91226 -1.76056
v 5.74568 -4.9972 -1.76132
v -1.08956 -6.11068 1.76256
v 2.34534 -6.06355 0.00150739
v 1.16344 -6.08055 1.93742
v 3.50697 -5.70419 1.9372
v 6.80834 -4.61343 0.0015074
v 5.65733 -5.00549 1.9372
v 9.61494 -2.63258 1.76256
v 7.77451 -3.93248 1.93742
v -2.14706 -4.21883 7.21441
v -3.18079 -4.96894 5.1462
v 0.0729735 -5.78672 3.70082
v -1.14662 -5.1055 5.60763
v 1.93614 -3.9113 7.81347
v 1.10978 -5.04473 5.77716
v 4.47693 -5.031 3.872
v 3.16272 -4.65142 5.93546
v 5.87433 -2.63171 7.81347
v 5.31703 -3.95145 5.93546
v 8.48401 -3.05381 3.70082
v 7.20908 -3.06295 5.77716
v 10.6357 -0.479702 5.1462
v 9.35847 -0.480461 7.21441
v 9.07026 -1.78584 5.60763
v -10.6377 -0.479698 -5.1442
v -12.0665 1.48691 -5.1442
v -13.7986 3.12297 -1.76056
v -11.7889 0.186283 -3.53179
v -12.7309 1.00622 -1.76132
v -9.61694 -2.63257 -1.76056
v -11.3002 -0.963085 -1.76132
v -14.4714 5.19354 1.76256
v -13.3651 1.94132 0.00150742
v -13.7465 3.06011 1.93742
v -12.6643 0.947583 1.9372
v -10.6068 -1.85514 0.00150742
v -11.3354 -0.881621 1.9372
v -7.85561 -3.91226 1.76256
v -9.66062 -2.5636 1.93742
v -12.9989 6.78388 7.21441
v -14.0317 7.53522 5.1462
v -13.804 4.18801 3.70082
v -13.533 5.55841 5.60763
v -11.4446 2.99556 7.81347
v -12.7779 3.43123 5.77716
v -11.7244 0.233123 3.872
v -11.7695 1.6003 5.93546
v -9.01069 -0.354465 7.81347
v -10.438 -0.232263 5.93546
v -8.6057 -2.96685 3.70082
v -9.00837 -1.75714 5.77716
v -5.49267 -4.21777 5.1462
v -5.88808 -3.0033 7.21441
v -7.21862 -3.13258 5.60763
v -1.0379 13.5372 -14.6083
v -0.408867 16.5401 -14.0699
v -2.7235 15.412 -14.0699
v 0.182966 19.2884 -13.248
v 0.770245 22.0614 -12.0721
v -1.51062 21.2072 -12.3987
v -4.27925 17.1136 -13.248
v -3.66098 20.1591 -12.3987
v -5.84096 18.8392 -12.0721
v 2.14506 28.2046 -7.21241
v 1.26816 24.3562 -10.7313
v 1.78586 26.5772 -8.96284
v -1.93814 27.7433 -7.81147
v -0.408444 26.1965 -9.45789
v -3.07351 22.9347 -11.2289
v -2.46067 25.6032 -9.61995
v -5.87633 25.8239 -7.81147
v -4.61498 24.5532 -9.61995
v -7.14302 20.2567 -10.7313
v -6.50774 23.2238 -9.45789
v -9.36047 22.597 -7.21241
v -8.43216 21.5971 -8.96284
v 0.637849 11.6996 -14.8483
v 2.71365 11.7088 -14.6083
v 4.81196 11.7394 -14.0699
v 1.86877 17.3822 -13.7287
v 3.38144 14.6928 -14.0699
v 6.73739 11.7444 -13.248
v 8.67702 11.7634 -12.0721
v 7.43059 14.7533 -12.3987
v 3.97959 17.438 -13.248
v 6.1016 17.4971 -12.3987
v 2.95779 22.4097 -11.5533
v 4.59106 20.1992 -12.0721
v 12.9969 11.7005 -7.21241
v 10.2859 11.7623 -10.7313
v 11.854 11.71 -8.96284
v 11.4426 17.383 -7.81147
v 10.9346 14.7227 -9.45789
v 8.04294 17.5167 -11.2289
v 9.92425 17.4671 -9.61995
v 9.00869 22.408 -7.81147
v 8.59281 20.2159 -9.61995
v 5.08748 22.4947 -10.7313
v 7.165 22.5053 -9.45789
v 3.8181 26.3813 -8.49052
v 5.88608 26.3813 -7.21241
v 5.53896 24.748 -8.96284
v 2.06636 8.75035 -14.8483
v 2.71365 6.77834 -14.6083
v 3.38144 4.78902 -14.0699
v 6.0497 8.75035 -13.7287
v 4.81196 6.75797 -14.0699
v 3.97959 2.95887 -13.248
v 4.59106 1.1181 -12.0721
v 6.1016 2.91947 -12.3987
v 6.73739 6.75465 -13.248
v 7.43059 4.74867 -12.3987
v 9.57384 8.75035 -11.5533
v 8.67702 6.74193 -12.0721
v 5.88608 -3.0033 -7.21241
v 5.08748 -0.412262 -10.7313
v 5.53896 -1.91443 -8.96284
v 9.00869 -0.354465 -7.81147
v 7.165 -0.419316 -9.45789
v 8.04293 2.90639 -11.2289
v 8.59281 1.10693 -9.61994
v 11.4426 2.99556 -7.81147
v 9.92425 2.93949 -9.61994
v 10.2859 6.74272 -10.7313
v 10.9346 4.76906 -9.45789
v 12.3579 8.75035 -8.49052
v 12.9969 6.78388 -7.21241
v 11.854 6.77753 -8.96284
v 0.637849 6.78448 -14.8483
v -1.0379 5.55939 -14.6083
v -2.7235 4.30955 -14.0699
v 1.86877 2.99609 -13.7287
v -0.408867 3.55748 -14.0699
v -4.27925 3.17513 -13.248
v -5.84097 2.02475 -12.0721
v -3.66098 1.1448 -12.3987
v 0.182965 1.72527 -13.248
v -1.51062 0.44611 -12.3987
v 2.95779 -0.355563 -11.5533
v 0.770245 -0.123361 -12.0721
v -9.36047 -0.480456 -7.21241
v -7.14303 1.07973 -10.7313
v -8.43216 0.186153 -8.96284
v -5.87634 -2.63171 -7.81147
v -6.50774 -0.898293 -9.45789
v -3.07351 -0.705559 -11.2289
v -4.61498 -1.78459 -9.61995
v -1.93814 -3.9113 -7.81147
v -2.46067 -2.48456 -9.61995
v 1.26816 -1.65323 -10.7313
v -0.408444 -2.88008 -9.45789
v 3.8181 -3.00333 -8.49052
v 2.14506 -4.21883 -7.21241
v 1.78586 -3.13389 -8.96284
v -1.67353 7.53549 -14.8483
v -1.67353 10.5731 -14.8483
v -4.89612 14.0851 -13.7287
v -3.35649 8.75036 -14.6083
v -5.06604 10.5757 -14.0699
v -4.89612 5.19414 -13.7287
v -5.06604 7.53378 -14.0699
v -7.74721 17.1923 -11.5533
v -6.62569 12.2692 -13.248
v -8.20236 13.9639 -12.0721
v -8.36559 10.4461 -12.3987
v -6.62569 6.40473 -13.248
v -8.36559 7.62015 -12.3987
v -7.74721 3.12271 -11.5533
v -8.20236 5.27494 -12.0721
v -11.6725 17.8236 -7.21241
v -9.99953 19.6469 -8.49052
v -9.50349 15.3834 -10.7313
v -10.7517 16.8083 -8.96284
v -12.6418 11.856 -7.81147
v -11.1884 13.5602 -9.45789
v -9.94385 8.75036 -11.2289
v -11.4464 10.4492 -9.61994
v -12.6418 6.68022 -7.81147
v -11.4464 7.61807 -9.61994
v -9.50349 4.32863 -10.7313
v -11.1884 5.54406 -9.45789
v -9.99953 1.4863 -8.49052
v -11.6725 2.70185 -7.21241
v -10.7517 3.37873 -8.96284
v -12.2751 4.65166 -7.58481
v -9.83254 6.515 -11.105
v -12.7608 8.75036 -7.88497
v -9.83254 12.1038 -11.105
v -12.2751 14.8989 -7.58481
v -8.95894 18.5128 -10.1181
v -6.7092 8.75036 -13.4154
v -6.38088 15.7032 -12.7588
v -3.31716 12.3644 -14.4281
v -0.000999616 8.75035 -14.999
v 0.104472 -4.18937 -7.58482
v -0.912874 -1.29056 -11.105
v -3.94398 -3.3846 -7.88497
v -5.16535 0.0911598 -11.105
v -7.69229 -1.65605 -7.58482
v -8.95895 2.24233 -10.1181
v -2.07395 2.37077 -13.4154
v -6.38088 4.1154 -12.7588
v -3.31716 6.34132 -14.4281
v 12.3383 4.85227 -7.58481
v 9.26697 4.7805 -11.105
v 10.3219 1.25065 -7.88497
v 6.6388 1.16313 -11.105
v 7.51963 -1.78004 -7.58481
v 3.42063 -1.78004 -10.1181
v 5.42605 4.80767 -13.4154
v 2.4359 1.25065 -12.7588
v 1.26566 4.85227 -14.4281
v 7.51963 24.5464 -7.58481
v 6.6388 20.1316 -11.105
v 10.3219 20.0004 -7.88497
v 9.26697 14.7056 -11.105
v 12.3383 14.5979 -7.58481
v 11.0716 8.75035 -10.1181
v 5.42605 14.6648 -13.4154
v 7.88497 8.75035 -12.7588
v 4.098 8.75035 -14.4281
v -7.69228 24.3604 -7.58481
v -5.16535 21.7396 -11.105
v -3.94398 26.9532 -7.88497
v -0.912873 23.8122 -11.105
v 0.104473 28.1604 -7.58481
v 3.42063 24.5464 -10.1181
v -2.07395 18.3202 -13.4154
v 2.4359 20.0004 -12.7588
v 1.26566 14.5979 -14.4281
v -7.52163 -1.78004 7.58681
v -6.73879 -4.18937 3.48782
v -10.2804 -1.48116 3.82786
v -10.3239 1.25065 7.88697
v -12.9085 2.13621 3.82786
v -12.3403 4.85227 7.58681
v -8.81778 -3.3846 0.000999616
v -12.1363 -0.0661231 0.000999616
v -10.2256 -1.65605 -3.48582
v -10.8551 0.86469 -6.7072
v 7.69028 -1.65606 7.58681
v 10.2236 -1.65606 3.48782
v 6.55354 -4.1874 3.82786
v 3.94198 -3.3846 7.88697
v 2.30106 -5.56911 3.82786
v -0.106473 -4.18937 7.58681
v -4.1469 -4.00911 6.7092
v 8.81578 -3.3846 0.000999616
v 4.63425 -5.51519 0.000999616
v 6.73679 -4.18937 -3.48582
v 4.1449 -4.00911 -6.7072
v 12.2731 14.8989 7.58681
v 13.0559 18.5128 3.48781
v 14.3293 12.1038 3.82786
v 12.7588 8.75035 7.88697
v 14.3293 6.51499 3.82786
v 12.2731 4.65165 7.58681
v 10.8531 0.864684 6.7092
v 14.2648 15.7032 0.000999616
v 14.999 8.75035 0.000999616
v 14.3878 12.3643 -3.48582
v 13.4154 8.75035 -6.7072
v -0.106471 28.1604 7.58681
v -2.15597 30.394 3.48781
v 2.30106 30.23 3.82786
v 3.94198 26.9532 7.88697
v 6.55354 28.1574 3.82786
v 7.69029 24.3604 7.58681
v 10.8531 20.5793 6.7092
v -0.000999016 31.2504 0.000999616
v 4.63426 30.1491 0.000999616
v 2.15397 30.394 -3.48582
v 4.1449 27.89 -6.7072
v -13.4174 8.75035 6.7092
v -12.3403 14.5979 7.58681
v -14.3898 12.3644 3.48781
v -12.9085 18.672 3.82786
v -10.3239 20.0004 7.88697
v -10.2804 24.0981 3.82786
v -7.52163 24.5464 7.58681
v -4.1469 27.89 6.7092
v -14.2668 15.7032 0.000999616
v -12.1363 21.9755 0.000999616
v -13.0579 18.5128 -3.48582
v -10.8551 20.5793 -6.7072
v -6.55554 -4.1874 -3.82586
v -2.30306 -5.56911 -3.82586
v 2.15397 -5.67842 -3.48582
v -4.63626 -5.51519 0.000999616
v -0.000999916 -6.24935 0.000999616
v -2.15597 -5.67842 3.48781
v 10.2784 -1.48116 -3.82586
v 12.9065 2.13621 -3.82586
v 14.3878 6.34132 -3.48582
v 12.1343 -0.0661271 0.000999616
v 14.2648 4.1154 0.000999616
v 13.0559 2.24232 3.48781
v 12.9065 18.672 -3.82586
v 10.2784 24.0981 -3.82586
v 6.73679 28.1604 -3.48582
v 12.1343 21.9755 0.000999616
v 8.81578 26.9532 0.000999616
v 10.2236 24.3604 3.48781
v -2.30306 30.23 -3.82586
v -6.55554 28.1574 -3.82586
v -10.2256 24.3604 -3.48582
v -4.63625 30.1491 0.000999616
v -8.81778 26.9532 0.000999616
v -6.73879 28.1604 3.48781
v -14.3313 12.1038 -3.82586
v -14.3313 6.51499 -3.82586
v -13.0579 2.24233 -3.48582
v -15.001 8.75036 0.000999616
v -14.2668 4.1154 0.000999616
v -14.3898 6.34132 3.48782
v -9.26897 4.7805 11.107
v -6.6408 1.16313 11.107
v -3.42263 -1.78004 10.1201
v -5.42805 4.80767 13.4174
v -2.4379 1.25065 12.7608
v -1.26766 4.85227 14.4301
v -0.000999616 8.75035 15.001
v 0.910873 -1.29056 11.107
v 5.16335 0.0911562 11.107
v 8.95695 2.24232 10.1201
v 2.07195 2.37077 13.4174
v 6.37888 4.1154 12.7608
v 3.31516 6.34132 14.4301
v 9.83054 6.51499 11.107
v 9.83054 12.1038 11.107
v 8.95695 18.5128 10.1201
v 6.7072 8.75035 13.4174
v 6.37888 15.7032 12.7608
v 3.31516 12.3644 14.4301
v 5.16335 21.7396 11.107
v 0.910875 23.8122 11.107
v -3.42263 24.5464 10.1201
v 2.07195 18.3202 13.4174
v -2.4379 20.0004 12.7608
v -1.26766 14.5979 14.4301
v -6.6408 20.1316 11.107
v -9.26897 14.7056 11.107
v -11.0736 8.75035 10.1201
v -5.42805 14.6648 13.4174
v -7.88697 8.75035 12.7608
v -4.1 8.75035 14.4301
f 1 636 3
f 2 1 3
f 2 3 640
f 642 1 2
f 4 640 6
f 5 4 6
f 5 6 638
f 641 4 5
f 7 635 9
f 8 7 9
f 8 9 637
f 640 7 8
f 10 638 12
f 11 10 12
f 11 12 571
f 639 10 11
f 8 637 13
f 6 8 13
f 6 13 638
f 640 8 6
f 13 637 15
f 14 13 15
f 14 15 574
f 638 13 14
f 16 633 18
f 17 16 18
f 17 18 576
f 637 16 17
f 20 635 7
f 3 20 7
f 3 7 640
f 636 20 3
f 21 630 23
f 22 21 23
f 22 23 634
f 636 21 22
f 24 633 16
f 9 24 16
f 9 16 637
f 635 24 9
f 22 634 25
f 20 22 25
f 20 25 635
f 636 22 20
f 25 634 27
f 26 25 27
f 26 27 632
f 635 25 26
f 28 629 30
f 29 28 30
f 29 30 631
f 634 28 29
f 26 632 32
f 24 26 32
f 24 32 633
f 635 26 24
f 32 632 34
f 33 32 34
f 33 34 559
f 633 32 33
f 29 631 35
f 27 29 35
f 27 35 632
f 634 29 27
f 35 631 37
f 36 35 37
f 36 37 562
f 632 35 36
f 38 627 40
f 39 38 40
f 39 40 564
f 631 38 39
f 41 630 21
f 19 41 21
f 19 21 636
f 618 41 19
f 42 629 28
f 23 42 28
f 23 28 634
f 630 42 23
f 43 624 45
f 44 43 45
f 44 45 628
f 630 43 44
f 46 627 38
f 30 46 38
f 30 38 631
f 629 46 30
f 44 628 47
f 42 44 47
f 42 47 629
f 630 44 42
f 47 628 49
f 48 47 49
f 48 49 626
f 629 47 48
f 50 623 52
f 51 50 52
f 51 52 625
f 628 50 51
f 48 626 54
f 46 48 54
f 46 54 627
f 629 48 46
f 54 626 56
f 55 54 56
f 55 56 548
f 627 54 55
f 51 625 57
f 49 51 57
f 49 57 626
f 628 51 49
f 57 625 59
f 58 57 59
f 58 59 551
f 626 57 58
f 60 621 62
f 61 60 62
f 61 62 553
f 625 60 61
f 63 624 43
f 41 63 43
f 41 43 630
f 618 63 41
f 64 623 50
f 45 64 50
f 45 50 628
f 624 64 45
f 65 617 67
f 66 65 67
f 66 67 622
f 624 65 66
f 68 621 60
f 52 68 60
f 52 60 625
f 623 68 52
f 66 622 69
f 64 66 69
f 64 69 623
f 624 66 64
f 69 622 71
f 70 69 71
f 70 71 620
f 623 69 70
f 72 616 74
f 73 72 74
f 73 74 619
f 622 72 73
f 70 620 76
f 68 70 76
f 68 76 621
f 623 70 68
f 76 620 78
f 77 76 78
f 77 78 537
f 621 76 77
f 73 619 79
f 71 73 79
f 71 79 620
f 622 73 71
f 79 619 81
f 80 79 81
f 80 81 540
f 620 79 80
f 82 614 84
f 83 82 84
f 83 84 542
f 619 82 83
f 19 636 1
f 85 19 1
f 85 1 642
f 618 19 85
f 86 617 65
f 63 86 65
f 63 65 624
f 618 86 63
f 87 616 72
f 67 87 72
f 67 72 622
f 617 87 67
f 85 642 88
f 86 85 88
f 86 88 617
f 618 85 86
f 2 640 4
f 90 2 4
f 90 4 641
f 642 2 90
f 88 642 91
f 89 88 91
f 89 91 615
f 617 88 89
f 92 614 82
f 74 92 82
f 74 82 619
f 616 92 74
f 89 615 93
f 87 89 93
f 87 93 616
f 617 89 87
f 93 615 95
f 94 93 95
f 94 95 613
f 616 93 94
f 90 641 96
f 91 90 96
f 91 96 615
f 642 90 91
f 5 638 10
f 98 5 10
f 98 10 639
f 641 5 98
f 96 641 99
f 97 96 99
f 97 99 612
f 615 96 97
f 94 613 101
f 92 94 101
f 92 101 614
f 616 94 92
f 101 613 103
f 102 101 103
f 102 103 527
f 614 101 102
f 97 612 104
f 95 97 104
f 95 104 613
f 615 97 95
f 104 612 106
f 105 104 106
f 105 106 530
f 613 104 105
f 98 639 107
f 99 98 107
f 99 107 612
f 641 98 99
f 107 639 110
f 108 107 110
f 108 110 532
f 612 107 108
f 111 572 113
f 112 111 113
f 112 113 609
f 611 111 112
f 114 609 116
f 115 114 116
f 115 116 607
f 610 114 115
f 117 578 119
f 118 117 119
f 118 119 606
f 609 117 118
f 120 607 122
f 121 120 122
f 121 122 481
f 608 120 121
f 118 606 123
f 116 118 123
f 116 123 607
f 609 118 116
f 123 606 125
f 124 123 125
f 124 125 483
f 607 123 124
f 126 580 128
f 127 126 128
f 127 128 485
f 606 126 127
f 129 560 131
f 130 129 131
f 130 131 603
f 605 129 130
f 132 603 134
f 133 132 134
f 133 134 601
f 604 132 133
f 135 566 137
f 136 135 137
f 136 137 600
f 603 135 136
f 138 601 140
f 139 138 140
f 139 140 518
f 602 138 139
f 136 600 141
f 134 136 141
f 134 141 601
f 603 136 134
f 141 600 143
f 142 141 143
f 142 143 520
f 601 141 142
f 144 568 146
f 145 144 146
f 145 146 522
f 600 144 145
f 147 549 149
f 148 147 149
f 148 149 597
f 599 147 148
f 150 597 152
f 151 150 152
f 151 152 595
f 598 150 151
f 153 555 155
f 154 153 155
f 154 155 594
f 597 153 154
f 156 595 158
f 157 156 158
f 157 158 509
f 596 156 157
f 154 594 159
f 152 154 159
f 152 159 595
f 597 154 152
f 159 594 161
f 160 159 161
f 160 161 511
f 595 159 160
f 162 557 164
f 163 162 164
f 163 164 513
f 594 162 163
f 165 538 167
f 166 165 167
f 166 167 591
f 593 165 166
f 168 591 170
f 169 168 170
f 169 170 589
f 592 168 169
f 171 544 173
f 172 171 173
f 172 173 588
f 591 171 172
f 174 589 176
f 175 174 176
f 175 176 500
f 590 174 175
f 172 588 177
f 170 172 177
f 170 177 589
f 591 172 170
f 177 588 179
f 178 177 179
f 178 179 502
f 589 177 178
f 180 546 182
f 181 180 182
f 181 182 504
f 588 180 181
f 183 528 185
f 184 183 185
f 184 185 585
f 587 183 184
f 186 585 188
f 187 186 188
f 187 188 583
f 586 186 187
f 189 533 191
f 190 189 191
f 190 191 582
f 585 189 190
f 192 583 194
f 193 192 194
f 193 194 491
f 584 192 193
f 190 582 195
f 188 190 195
f 188 195 583
f 585 190 188
f 195 582 197
f 196 195 197
f 196 197 493
f 583 195 196
f 198 535 200
f 199 198 200
f 199 200 495
f 582 198 199
f 133 601 138
f 203 133 138
f 203 138 602
f 604 133 203
f 201 580 204
f 202 201 204
f 202 204 602
f 581 201 202
f 206 580 126
f 119 206 126
f 119 126 606
f 578 206 119
f 204 580 207
f 205 204 207
f 205 207 579
f 602 204 205
f 130 603 132
f 208 130 132
f 208 132 604
f 605 130 208
f 205 579 209
f 203 205 209
f 203 209 604
f 602 205 203
f 209 579 211
f 210 209 211
f 210 211 575
f 604 209 210
f 206 578 212
f 207 206 212
f 207 212 579
f 580 206 207
f 214 578 117
f 113 214 117
f 113 117 609
f 572 214 113
f 212 578 215
f 213 212 215
f 213 215 573
f 579 212 213
f 31 577 216
f 18 31 216
f 18 216 576
f 633 31 18
f 210 575 218
f 208 210 218
f 208 218 605
f 604 210 208
f 219 576 216
f 217 219 216
f 217 216 577
f 605 219 217
f 17 576 220
f 15 17 220
f 15 220 574
f 637 17 15
f 218 575 221
f 219 218 221
f 219 221 576
f 605 218 219
f 213 573 222
f 211 213 222
f 211 222 575
f 579 213 211
f 223 574 220
f 221 223 220
f 221 220 576
f 575 223 221
f 14 574 224
f 12 14 224
f 12 224 571
f 638 14 12
f 222 573 225
f 223 222 225
f 223 225 574
f 575 222 223
f 214 572 226
f 215 214 226
f 215 226 573
f 578 214 215
f 227 571 224
f 225 227 224
f 225 224 574
f 573 227 225
f 11 571 229
f 109 11 229
f 109 229 570
f 639 11 109
f 226 572 230
f 227 226 230
f 227 230 571
f 573 226 227
f 228 570 229
f 230 228 229
f 230 229 571
f 572 228 230
f 151 595 156
f 233 151 156
f 233 156 596
f 598 151 233
f 231 568 234
f 232 231 234
f 232 234 596
f 569 231 232
f 236 568 144
f 137 236 144
f 137 144 600
f 566 236 137
f 234 568 237
f 235 234 237
f 235 237 567
f 596 234 235
f 148 597 150
f 238 148 150
f 238 150 598
f 599 148 238
f 235 567 239
f 233 235 239
f 233 239 598
f 596 235 233
f 239 567 241
f 240 239 241
f 240 241 563
f 598 239 240
f 236 566 242
f 237 236 242
f 237 242 567
f 568 236 237
f 244 566 135
f 131 244 135
f 131 135 603
f 560 244 131
f 242 566 245
f 243 242 245
f 243 245 561
f 567 242 243
f 53 565 246
f 40 53 246
f 40 246 564
f 627 53 40
f 240 563 248
f 238 240 248
f 238 248 599
f 598 240 238
f 249 564 246
f 247 249 246
f 247 246 565
f 599 249 247
f 39 564 250
f 37 39 250
f 37 250 562
f 631 39 37
f 248 563 251
f 249 248 251
f 249 251 564
f 599 248 249
f 243 561 252
f 241 243 252
f 241 252 563
f 567 243 241
f 253 562 250
f 251 253 250
f 251 250 564
f 563 253 251
f 36 562 254
f 34 36 254
f 34 254 559
f 632 36 34
f 252 561 255
f 253 252 255
f 253 255 562
f 563 252 253
f 244 560 256
f 245 244 256
f 245 256 561
f 566 244 245
f 257 559 254
f 255 257 254
f 255 254 562
f 561 257 255
f 258 560 129
f 217 258 129
f 217 129 605
f 577 258 217
f 33 559 259
f 31 33 259
f 31 259 577
f 633 33 31
f 256 560 260
f 257 256 260
f 257 260 559
f 561 256 257
f 258 577 259
f 260 258 259
f 260 259 559
f 560 258 260
f 169 589 174
f 263 169 174
f 263 174 590
f 592 169 263
f 261 557 264
f 262 261 264
f 262 264 590
f 558 261 262
f 266 557 162
f 155 266 162
f 155 162 594
f 555 266 155
f 264 557 267
f 265 264 267
f 265 267 556
f 590 264 265
f 166 591 168
f 268 166 168
f 268 168 592
f 593 166 268
f 265 556 269
f 263 265 269
f 263 269 592
f 590 265 263
f 269 556 271
f 270 269 271
f 270 271 552
f 592 269 270
f 266 555 272
f 267 266 272
f 267 272 556
f 557 266 267
f 274 555 153
f 149 274 153
f 149 153 597
f 549 274 149
f 272 555 275
f 273 272 275
f 273 275 550
f 556 272 273
f 75 554 276
f 62 75 276
f 62 276 553
f 621 75 62
f 270 552 278
f 268 270 278
f 268 278 593
f 592 270 268
f 279 553 276
f 277 279 276
f 277 276 554
f 593 279 277
f 61 553 280
f 59 61 280
f 59 280 551
f 625 61 59
f 278 552 281
f 279 278 281
f 279 281 553
f 593 278 279
f 273 550 282
f 271 273 282
f 271 282 552
f 556 273 271
f 283 551 280
f 281 283 280
f 281 280 553
f 552 283 281
f 58 551 284
f 56 58 284
f 56 284 548
f 626 58 56
f 282 550 285
f 283 282 285
f 283 285 551
f 552 282 283
f 274 549 286
f 275 274 286
f 275 286 550
f 555 274 275
f 287 548 284
f 285 287 284
f 285 284 551
f 550 287 285
f 288 549 147
f 247 288 147
f 247 147 599
f 565 288 247
f 55 548 289
f 53 55 289
f 53 289 565
f 627 55 53
f 286 549 290
f 287 286 290
f 287 290 548
f 550 286 287
f 288 565 289
f 290 288 289
f 290 289 548
f 549 288 290
f 187 583 192
f 293 187 192
f 293 192 584
f 586 187 293
f 291 546 294
f 292 291 294
f 292 294 584
f 547 291 292
f 296 546 180
f 173 296 180
f 173 180 588
f 544 296 173
f 294 546 297
f 295 294 297
f 295 297 545
f 584 294 295
f 184 585 186
f 298 184 186
f 298 186 586
f 587 184 298
f 295 545 299
f 293 295 299
f 293 299 586
f 584 295 293
f 299 545 301
f 300 299 301
f 300 301 541
f 586 299 300
f 296 544 302
f 297 296 302
f 297 302 545
f 546 296 297
f 304 544 171
f 167 304 171
f 167 171 591
f 538 304 167
f 302 544 305
f 303 302 305
f 303 305 539
f 545 302 303
f 100 543 306
f 84 100 306
f 84 306 542
f 614 100 84
f 300 541 308
f 298 300 308
f 298 308 587
f 586 300 298
f 309 542 306
f 307 309 306
f 307 306 543
f 587 309 307
f 83 542 310
f 81 83 310
f 81 310 540
f 619 83 81
f 308 541 311
f 309 308 311
f 309 311 542
f 587 308 309
f 303 539 312
f 301 303 312
f 301 312 541
f 545 303 301
f 313 540 310
f 311 313 310
f 311 310 542
f 541 313 311
f 80 540 314
f 78 80 314
f 78 314 537
f 620 80 78
f 312 539 315
f 313 312 315
f 313 315 540
f 541 312 313
f 304 538 316
f 305 304 316
f 305 316 539
f 544 304 305
f 317 537 314
f 315 317 314
f 315 314 540
f 539 317 315
f 318 538 165
f 277 318 165
f 277 165 593
f 554 318 277
f 77 537 319
f 75 77 319
f 75 319 554
f 621 77 75
f 316 538 320
f 317 316 320
f 317 320 537
f 539 316 317
f 318 554 319
f 320 318 319
f 320 319 537
f 538 318 320
f 115 607 120
f 323 115 120
f 323 120 608
f 610 115 323
f 321 535 324
f 322 321 324
f 322 324 608
f 536 321 322
f 326 535 198
f 191 326 198
f 191 198 582
f 533 326 191
f 324 535 327
f 325 324 327
f 325 327 534
f 608 324 325
f 112 609 114
f 328 112 114
f 328 114 610
f 611 112 328
f 325 534 329
f 323 325 329
f 323 329 610
f 608 325 323
f 329 534 331
f 330 329 331
f 330 331 531
f 610 329 330
f 326 533 332
f 327 326 332
f 327 332 534
f 535 326 327
f 334 533 189
f 185 334 189
f 185 189 585
f 528 334 185
f 332 533 335
f 333 332 335
f 333 335 529
f 534 332 333
f 109 570 336
f 110 109 336
f 110 336 532
f 639 109 110
f 228 572 111
f 337 228 111
f 337 111 611
f 570 228 337
f 330 531 338
f 328 330 338
f 328 338 611
f 610 330 328
f 339 532 336
f 337 339 336
f 337 336 570
f 611 339 337
f 108 532 340
f 106 108 340
f 106 340 530
f 612 108 106
f 338 531 341
f 339 338 341
f 339 341 532
f 611 338 339
f 333 529 342
f 331 333 342
f 331 342 531
f 534 333 331
f 343 530 340
f 341 343 340
f 341 340 532
f 531 343 341
f 105 530 344
f 103 105 344
f 103 344 527
f 613 105 103
f 342 529 345
f 343 342 345
f 343 345 530
f 531 342 343
f 334 528 346
f 335 334 346
f 335 346 529
f 533 334 335
f 347 527 344
f 345 347 344
f 345 344 530
f 529 347 345
f 348 528 183
f 307 348 183
f 307 183 587
f 543 348 307
f 102 527 349
f 100 102 349
f 100 349 543
f 614 102 100
f 346 528 350
f 347 346 350
f 347 350 527
f 529 346 347
f 348 543 349
f 350 348 349
f 350 349 527
f 528 348 350
f 351 489 353
f 352 351 353
f 352 353 524
f 526 351 352
f 354 524 356
f 355 354 356
f 355 356 521
f 525 354 355
f 357 488 359
f 358 357 359
f 358 359 519
f 524 357 358
f 231 569 360
f 146 231 360
f 146 360 522
f 568 231 146
f 145 522 363
f 143 145 363
f 143 363 520
f 600 145 143
f 361 521 364
f 362 361 364
f 362 364 522
f 523 361 362
f 358 519 365
f 356 358 365
f 356 365 521
f 524 358 356
f 366 520 363
f 364 366 363
f 364 363 522
f 521 366 364
f 142 520 367
f 140 142 367
f 140 367 518
f 601 142 140
f 365 519 368
f 366 365 368
f 366 368 520
f 521 365 366
f 370 518 367
f 368 370 367
f 368 367 520
f 519 370 368
f 139 518 371
f 202 139 371
f 202 371 581
f 602 139 202
f 369 486 372
f 370 369 372
f 370 372 518
f 519 369 370
f 352 524 354
f 376 352 354
f 376 354 525
f 526 352 376
f 374 526 377
f 375 374 377
f 375 377 515
f 517 374 375
f 378 515 380
f 379 378 380
f 379 380 512
f 516 378 379
f 376 525 381
f 377 376 381
f 377 381 515
f 526 376 377
f 355 521 361
f 383 355 361
f 383 361 523
f 525 355 383
f 381 525 384
f 382 381 384
f 382 384 510
f 515 381 382
f 261 558 385
f 164 261 385
f 164 385 513
f 557 261 164
f 163 513 388
f 161 163 388
f 161 388 511
f 594 163 161
f 386 512 389
f 387 386 389
f 387 389 513
f 514 386 387
f 382 510 390
f 380 382 390
f 380 390 512
f 515 382 380
f 391 511 388
f 389 391 388
f 389 388 513
f 512 391 389
f 160 511 392
f 158 160 392
f 158 392 509
f 595 160 158
f 390 510 393
f 391 390 393
f 391 393 511
f 512 390 391
f 383 523 394
f 384 383 394
f 384 394 510
f 525 383 384
f 395 509 392
f 393 395 392
f 393 392 511
f 510 395 393
f 362 522 360
f 396 362 360
f 396 360 569
f 523 362 396
f 157 509 397
f 232 157 397
f 232 397 569
f 596 157 232
f 394 523 398
f 395 394 398
f 395 398 509
f 510 394 395
f 396 569 397
f 398 396 397
f 398 397 509
f 523 396 398
f 373 526 374
f 399 373 374
f 399 374 517
f 490 373 399
f 375 515 378
f 402 375 378
f 402 378 516
f 517 375 402
f 400 517 403
f 401 400 403
f 401 403 506
f 508 400 401
f 404 506 406
f 405 404 406
f 405 406 503
f 507 404 405
f 402 516 407
f 403 402 407
f 403 407 506
f 517 402 403
f 379 512 386
f 409 379 386
f 409 386 514
f 516 379 409
f 407 516 410
f 408 407 410
f 408 410 501
f 506 407 408
f 291 547 411
f 182 291 411
f 182 411 504
f 546 291 182
f 181 504 414
f 179 181 414
f 179 414 502
f 588 181 179
f 412 503 415
f 413 412 415
f 413 415 504
f 505 412 413
f 408 501 416
f 406 408 416
f 406 416 503
f 506 408 406
f 417 502 414
f 415 417 414
f 415 414 504
f 503 417 415
f 178 502 418
f 176 178 418
f 176 418 500
f 589 178 176
f 416 501 419
f 417 416 419
f 417 419 502
f 503 416 417
f 409 514 420
f 410 409 420
f 410 420 501
f 516 409 410
f 421 500 418
f 419 421 418
f 419 418 502
f 501 421 419
f 387 513 385
f 422 387 385
f 422 385 558
f 514 387 422
f 175 500 423
f 262 175 423
f 262 423 558
f 590 175 262
f 420 514 424
f 421 420 424
f 421 424 500
f 501 420 421
f 422 558 423
f 424 422 423
f 424 423 500
f 514 422 424
f 399 517 400
f 425 399 400
f 425 400 508
f 490 399 425
f 401 506 404
f 428 401 404
f 428 404 507
f 508 401 428
f 426 508 429
f 427 426 429
f 427 429 497
f 499 426 427
f 430 497 432
f 431 430 432
f 431 432 494
f 498 430 431
f 428 507 433
f 429 428 433
f 429 433 497
f 508 428 429
f 405 503 412
f 435 405 412
f 435 412 505
f 507 405 435
f 433 507 436
f 434 433 436
f 434 436 492
f 497 433 434
f 321 536 437
f 200 321 437
f 200 437 495
f 535 321 200
f 199 495 440
f 197 199 440
f 197 440 493
f 582 199 197
f 438 494 441
f 439 438 441
f 439 441 495
f 496 438 439
f 434 492 442
f 432 434 442
f 432 442 494
f 497 434 432
f 443 493 440
f 441 443 440
f 441 440 495
f 494 443 441
f 196 493 444
f 194 196 444
f 194 444 491
f 583 196 194
f 442 492 445
f 443 442 445
f 443 445 493
f 494 442 443
f 435 505 446
f 436 435 446
f 436 446 492
f 507 435 436
f 447 491 444
f 445 447 444
f 445 444 493
f 492 447 445
f 413 504 411
f 448 413 411
f 448 411 547
f 505 413 448
f 193 491 449
f 292 193 449
f 292 449 547
f 584 193 292
f 446 505 450
f 447 446 450
f 447 450 491
f 492 446 447
f 448 547 449
f 450 448 449
f 450 449 491
f 505 448 450
f 425 508 426
f 451 425 426
f 451 426 499
f 490 425 451
f 452 489 351
f 373 452 351
f 373 351 526
f 490 452 373
f 453 488 357
f 353 453 357
f 353 357 524
f 489 453 353
f 451 499 454
f 452 451 454
f 452 454 489
f 490 451 452
f 427 497 430
f 456 427 430
f 456 430 498
f 499 427 456
f 454 499 457
f 455 454 457
f 455 457 487
f 489 454 455
f 458 486 369
f 359 458 369
f 359 369 519
f 488 458 359
f 455 487 459
f 453 455 459
f 453 459 488
f 489 455 453
f 459 487 461
f 460 459 461
f 460 461 484
f 488 459 460
f 456 498 462
f 457 456 462
f 457 462 487
f 499 456 457
f 431 494 438
f 464 431 438
f 464 438 496
f 498 431 464
f 462 498 465
f 463 462 465
f 463 465 482
f 487 462 463
f 201 581 466
f 128 201 466
f 128 466 485
f 580 201 128
f 467 581 371
f 372 467 371
f 372 371 518
f 486 467 372
f 460 484 468
f 458 460 468
f 458 468 486
f 488 460 458
f 469 485 466
f 467 469 466
f 467 466 581
f 486 469 467
f 127 485 470
f 125 127 470
f 125 470 483
f 606 127 125
f 468 484 471
f 469 468 471
f 469 471 485
f 486 468 469
f 463 482 472
f 461 463 472
f 461 472 484
f 487 463 461
f 473 483 470
f 471 473 470
f 471 470 485
f 484 473 471
f 124 483 474
f 122 124 474
f 122 474 481
f 607 124 122
f 472 482 475
f 473 472 475
f 473 475 483
f 484 472 473
f 464 496 476
f 465 464 476
f 465 476 482
f 498 464 465
f 477 481 474
f 475 477 474
f 475 474 483
f 482 477 475
f 439 495 437
f 478 439 437
f 478 437 536
f 496 439 478
f 121 481 479
f 322 121 479
f 322 479 536
f 608 121 322
f 476 496 480
f 477 476 480
f 477 480 481
f 482 476 477
f 478 536 479
f 480 478 479
f 480 479 481
f 496 478 480
