#This file is generated by ISE
v 18.565 2.93779 6.52495
v 17.2433 6.37051 7.4481
v 14.4488 4.03701 9.2758
v 16.1776 0.284892 7.87535
v 19.8722 1.0454 4.58826
v 17.8097 -2.27683 5.2781
v 18.9306 -3.42503 1.86026
v 20.9843 0.583742 1.66657
v 20.3629 4.548 4.48572
v 21.5556 4.99129 1.621
v 20.7251 9.33537 1.70075
v 19.4467 8.29448 4.87366
v 20.3629 4.548 -4.4567
v 19.4467 8.29448 -4.84476
v 20.7251 9.33537 -1.67165
v 21.5556 4.99129 -1.59189
v 19.8722 1.0454 -4.55924
v 20.9843 0.583742 -1.63747
v 18.9306 -3.42503 -1.83115
v 17.8097 -2.27683 -5.2492
v 18.565 2.93779 -6.49625
v 16.1776 0.284892 -7.8473
v 14.4488 4.03701 -9.24955
v 17.2433 6.37051 -7.42005
v 14.2619 13.4061 6.5231
v 11.6018 12.3519 7.8707
v 12.8424 8.26819 9.2742
v 15.6768 10.151 7.44755
v 16.0085 14.774 4.48492
v 17.8573 11.9672 4.87355
v 19.0389 13.1895 1.70075
v 16.7861 16.1027 1.62039
v 13.7604 15.9475 4.58554
v 13.9988 17.5992 1.66351
v 10.924 17.8121 1.85169
v 10.9952 15.7463 5.271
v 13.7604 15.9475 -4.56196
v 10.9952 15.7463 -5.25635
v 10.924 17.8121 -1.83972
v 13.9988 17.5992 -1.64052
v 16.0085 14.774 -4.4575
v 16.7861 16.1027 -1.5925
v 19.0389 13.1895 -1.67165
v 17.8573 11.9672 -4.84488
v 14.2619 13.4061 -6.4981
v 15.6768 10.151 -7.4206
v 12.8424 8.26819 -9.2512
v 11.6018 12.3519 -7.852
v -18.565 2.93779 6.52495
v -16.1776 0.284892 7.87535
v -14.4488 4.03701 9.2758
v -17.2433 6.37051 7.4481
v -20.3629 4.548 4.48572
v -19.4467 8.29448 4.87366
v -20.7251 9.33537 1.70075
v -21.5556 4.99129 1.621
v -19.8722 1.0454 4.58826
v -20.9843 0.583742 1.66657
v -18.9306 -3.42503 1.86026
v -17.8097 -2.27683 5.2781
v -13.7604 15.9475 4.58554
v -10.9952 15.7463 5.271
v -10.924 17.8121 1.85169
v -13.9988 17.5992 1.66351
v -16.0085 14.774 4.48492
v -16.7861 16.1027 1.62039
v -19.0389 13.1895 1.70075
v -17.8573 11.9672 4.87355
v -14.2619 13.4061 6.5231
v -15.6768 10.151 7.44755
v -12.8424 8.26819 9.2742
v -11.6018 12.3519 7.8707
v -14.2619 13.4061 -6.4981
v -11.6018 12.3519 -7.852
v -12.8424 8.26819 -9.2512
v -15.6768 10.151 -7.4206
v -16.0085 14.774 -4.4575
v -17.8573 11.9672 -4.84488
v -19.0389 13.1895 -1.67165
v -16.7861 16.1027 -1.5925
v -13.7604 15.9475 -4.56196
v -13.9988 17.5992 -1.64052
v -10.924 17.8121 -1.83972
v -10.9952 15.7463 -5.25635
v -19.8722 1.0454 -4.55924
v -17.8097 -2.27683 -5.2492
v -18.9306 -3.42503 -1.83115
v -20.9843 0.583742 -1.63747
v -20.3629 4.548 -4.4567
v -21.5556 4.99129 -1.59189
v -20.7251 9.33537 -1.67165
v -19.4467 8.29448 -4.84476
v -18.565 2.93779 -6.49625
v -17.2433 6.37051 -7.42005
v -14.4488 4.03701 -9.24955
v -16.1776 0.284892 -7.8473
v 9.6433 -3.53418 9.29815
v 13.1072 -2.01533 8.78625
v 11.3775 2.0833 10.4591
v 8.2016 0.830532 11.1234
v 5.8984 -4.47103 9.5253
v 4.95086 0.131707 11.4174
v 1.65527 -0.152193 11.4898
v 1.98486 -4.93248 9.5818
v 6.77015 -8.40118 6.2689
v 2.2876 -9.41403 6.303
v 2.48047 -13.6008 2.20205
v 7.3283 -10.9429 2.19066
v 10.9749 -6.90653 6.13235
v 11.8367 -8.82708 2.14509
v 15.7796 -6.53703 2.04255
v 14.7165 -4.99728 5.8249
v -6.77015 -8.40118 6.2689
v -7.3283 -10.9429 2.19066
v -2.48047 -13.6008 2.20205
v -2.2876 -9.41403 6.303
v -5.8984 -4.47103 9.5253
v -1.98486 -4.93248 9.5818
v -1.65527 -0.152193 11.4898
v -4.95086 0.131707 11.4174
v -9.6433 -3.53418 9.29815
v -8.2016 0.830532 11.1234
v -11.3775 2.0833 10.4591
v -13.1072 -2.01533 8.78625
v -10.9749 -6.90653 6.13235
v -14.7165 -4.99728 5.8249
v -15.7796 -6.53703 2.04255
v -11.8367 -8.82708 2.14509
v -3.6233 10.0083 9.49815
v -4.15903 5.12878 11.4079
v -1.38183 4.80169 11.4766
v -1.19873 9.55627 9.54415
v -3.31304 14.0246 6.2276
v -1.09131 13.4555 6.24585
v -1.04492 15.7691 2.13354
v -3.18542 16.4188 2.14111
v -5.6521 14.5967 6.1053
v -5.4779 17.0044 2.11266
v -8.0237 17.4831 2.02419
v -8.18675 15.1714 5.8096
v -6.1292 10.5807 9.2804
v -8.77065 11.3425 8.7762
v -9.86225 6.74536 10.4556
v -6.97685 5.73763 11.1172
v 5.6521 14.5967 6.1053
v 8.18675 15.1714 5.8096
v 8.0237 17.4831 2.02419
v 5.4779 17.0044 2.11266
v 3.31304 14.0246 6.2276
v 3.18542 16.4188 2.14111
v 1.04492 15.7691 2.13354
v 1.09131 13.4555 6.24585
v 3.6233 10.0083 9.49815
v 1.19873 9.55627 9.54415
v 1.38183 4.80169 11.4766
v 4.15903 5.12878 11.4079
v 6.1292 10.5807 9.2804
v 6.97685 5.73763 11.1172
v 9.86225 6.74536 10.4556
v 8.77065 11.3425 8.7762
v 6.1292 10.5807 -9.29055
v 8.77065 11.3425 -8.7694
v 9.86225 6.74536 -10.4396
v 6.97685 5.73763 -11.111
v 3.6233 10.0083 -9.5285
v 4.15903 5.12878 -11.4127
v 1.38183 4.80169 -11.4921
v 1.19873 9.55627 -9.5965
v 3.31304 14.0246 -6.28215
v 1.09131 13.4555 -6.33225
v 1.04492 15.7691 -2.24146
v 3.18542 16.4188 -2.21111
v 5.6521 14.5967 -6.131
v 5.4779 17.0044 -2.1484
v 8.0237 17.4831 -2.0318
v 8.18675 15.1714 -5.8115
v -5.8984 -4.47103 -9.5014
v -4.95086 0.131707 -11.4033
v -1.65527 -0.152193 -11.4789
v -1.98486 -4.93248 -9.5588
v -6.77015 -8.40118 -6.24085
v -2.2876 -9.41403 -6.2751
v -2.48047 -13.6008 -2.17295
v -7.3283 -10.9429 -2.16155
v -10.9749 -6.90653 -6.104
v -11.8367 -8.82708 -2.11598
v -15.7796 -6.53703 -2.01344
v -14.7165 -4.99728 -5.7962
v -9.6433 -3.53418 -9.2728
v -13.1072 -2.01533 -8.75935
v -11.3775 2.0833 -10.4361
v -8.2016 0.830532 -11.1048
v 10.9749 -6.90653 -6.104
v 14.7165 -4.99728 -5.7962
v 15.7796 -6.53703 -2.01344
v 11.8367 -8.82708 -2.11598
v 6.77015 -8.40118 -6.24085
v 7.3283 -10.9429 -2.16155
v 2.48047 -13.6008 -2.17295
v 2.2876 -9.41403 -6.2751
v 5.8984 -4.47103 -9.5014
v 1.98486 -4.93248 -9.5588
v 1.65527 -0.152193 -11.4789
v 4.95086 0.131707 -11.4033
v 9.6433 -3.53418 -9.2728
v 8.2016 0.830532 -11.1048
v 11.3775 2.0833 -10.4361
v 13.1072 -2.01533 -8.75935
v -3.6233 10.0083 -9.5285
v -1.19873 9.55627 -9.5965
v -1.38183 4.80169 -11.4921
v -4.15903 5.12878 -11.4127
v -6.1292 10.5807 -9.29055
v -6.97685 5.73763 -11.111
v -9.86225 6.74536 -10.4396
v -8.77065 11.3425 -8.7694
v -5.6521 14.5967 -6.131
v -8.18675 15.1714 -5.8115
v -8.0237 17.4831 -2.0318
v -5.4779 17.0044 -2.1484
v -3.31304 14.0246 -6.28215
v -3.18542 16.4188 -2.21111
v -1.04492 15.7691 -2.24146
v -1.09131 13.4555 -6.33225
v 17.9598 4.54795 7.08925
v 15.9003 5.20562 8.4489
v 15.3116 2.05661 8.738
v 17.4859 1.63332 7.25305
v 19.006 -0.639948 4.93478
v 18.4722 -3.01103 3.63757
v 20.1187 -1.50163 1.75487
v 20.529 0.735777 3.223
v 21.0777 4.82269 3.1404
v 21.2814 7.19792 1.65803
v 20.2236 8.93517 3.33708
v 20.0287 6.38113 4.70549
v 20.0287 6.38113 -4.67652
v 20.2236 8.93517 -3.30802
v 21.2814 7.19792 -1.62892
v 21.0777 4.82269 -3.11132
v 20.529 0.735777 -3.19392
v 20.1187 -1.50163 -1.72576
v 18.4722 -3.01103 -3.60852
v 19.006 -0.639948 -4.90581
v 17.4859 1.63332 -7.2246
v 15.3116 2.05661 -8.7107
v 15.9003 5.20562 -8.4216
v 17.9598 4.54795 -7.0608
v 13.0018 12.9024 7.25005
v 12.1596 10.3623 8.7348
v 14.3095 9.19125 8.4479
v 14.9258 11.8906 7.0881
v 16.9534 13.5286 4.70515
v 18.5844 12.6919 3.33705
v 17.9813 14.7935 1.65787
v 16.4811 15.5499 3.13976
v 13.8795 16.9294 3.2201
v 12.4685 17.8198 1.74952
v 10.9217 16.9914 3.62957
v 12.4277 15.9402 4.93028
v 12.4277 15.9402 -4.91031
v 10.9217 16.9914 -3.61652
v 12.4685 17.8198 -1.73112
v 13.8795 16.9294 -3.19682
v 16.4811 15.5499 -3.11196
v 17.9813 14.7935 -1.62907
v 18.5844 12.6919 -3.30805
v 16.9534 13.5286 -4.67686
v 14.9258 11.8906 -7.062
v 14.3095 9.19125 -8.4226
v 12.1596 10.3623 -8.7139
v 13.0018 12.9024 -7.22755
v -17.4859 1.63332 7.25305
v -15.3116 2.05661 8.738
v -15.9003 5.20562 8.4489
v -17.9598 4.54795 7.08925
v -20.0287 6.38113 4.70549
v -20.2236 8.93517 3.33708
v -21.2814 7.19792 1.65803
v -21.0777 4.82269 3.1404
v -20.529 0.735777 3.223
v -20.1187 -1.50163 1.75487
v -18.4722 -3.01103 3.63757
v -19.006 -0.639948 4.93478
v -12.4277 15.9402 4.93028
v -10.9217 16.9914 3.62957
v -12.4685 17.8198 1.74952
v -13.8795 16.9294 3.2201
v -16.4811 15.5499 3.13976
v -17.9813 14.7935 1.65787
v -18.5844 12.6919 3.33705
v -16.9534 13.5286 4.70515
v -14.9258 11.8906 7.0881
v -14.3095 9.19125 8.4479
v -12.1596 10.3623 8.7348
v -13.0018 12.9024 7.25005
v -13.0018 12.9024 -7.22755
v -12.1596 10.3623 -8.7139
v -14.3095 9.19125 -8.4226
v -14.9258 11.8906 -7.062
v -16.9534 13.5286 -4.67686
v -18.5844 12.6919 -3.30805
v -17.9813 14.7935 -1.62907
v -16.4811 15.5499 -3.11196
v -13.8795 16.9294 -3.19682
v -12.4685 17.8198 -1.73112
v -10.9217 16.9914 -3.61652
v -12.4277 15.9402 -4.91031
v -19.006 -0.639948 -4.90581
v -18.4722 -3.01103 -3.60852
v -20.1187 -1.50163 -1.72576
v -20.529 0.735777 -3.19392
v -21.0777 4.82269 -3.11132
v -21.2814 7.19792 -1.62892
v -20.2236 8.93517 -3.30802
v -20.0287 6.38113 -4.67652
v -17.9598 4.54795 -7.0608
v -15.9003 5.20562 -8.4216
v -15.3116 2.05661 -8.7107
v -17.4859 1.63332 -7.2246
v 11.4174 -2.85998 9.08495
v 12.2365 -0.0710381 9.80795
v 9.8008 1.37848 10.8468
v 8.91575 -1.44773 10.4091
v 5.41965 -2.23633 10.6755
v 3.30681 -0.053923 11.472
v 1.81823 -2.57443 10.7415
v 3.95567 -4.76033 9.56775
v 4.55204 -9.00103 6.2945
v 2.40295 -11.5385 4.32104
v 4.93266 -12.1551 2.1992
v 7.1037 -9.91768 4.29828
v 11.489 -8.07758 4.20717
v 13.893 -7.74428 2.10236
v 15.3486 -5.95353 4.00213
v 12.9151 -6.02853 6.00425
v -7.1037 -9.91768 4.29828
v -4.93266 -12.1551 2.1992
v -2.40295 -11.5385 4.32104
v -4.55204 -9.00103 6.2945
v -3.95567 -4.76033 9.56775
v -1.81823 -2.57443 10.7415
v -3.30681 -0.053923 11.472
v -5.41965 -2.23633 10.6755
v -8.91575 -1.44773 10.4091
v -9.8008 1.37848 10.8468
v -12.2365 -0.0710381 9.80795
v -11.4174 -2.85998 9.08495
v -12.9151 -6.02853 6.00425
v -15.3486 -5.95353 4.00213
v -13.893 -7.74428 2.10236
v -11.489 -8.07758 4.20717
v -3.86107 7.62984 10.6569
v -2.76705 4.93739 11.4607
v -1.2799 7.24014 10.7156
v -2.40424 9.77227 9.53545
v -2.19239 13.7398 6.2454
v -1.0614 14.856 4.257
v -2.10251 16.0993 2.14032
v -3.22984 15.4727 4.25197
v -5.5352 16.0515 4.17687
v -6.7128 17.2598 2.07743
v -8.0687 16.5665 3.98498
v -6.8901 14.8838 5.98345
v -7.4296 10.9343 9.0713
v -9.25825 9.09601 9.8011
v -8.4094 6.18437 10.8421
v -6.5063 8.21484 10.3969
v 6.8901 14.8838 5.98345
v 8.0687 16.5665 3.98498
v 6.7128 17.2598 2.07743
v 5.5352 16.0515 4.17687
v 3.22984 15.4727 4.25197
v 2.10251 16.0993 2.14032
v 1.0614 14.856 4.257
v 2.19239 13.7398 6.2454
v 2.40424 9.77227 9.53545
v 1.2799 7.24014 10.7156
v 2.76705 4.93739 11.4607
v 3.86107 7.62984 10.6569
v 6.5063 8.21484 10.3969
v 8.4094 6.18437 10.8421
v 9.25825 9.09601 9.8011
v 7.4296 10.9343 9.0713
v 7.4296 10.9343 -9.07245
v 9.25825 9.09601 -9.78955
v 8.4094 6.18437 -10.8307
v 6.5063 8.21484 -10.3986
v 3.86107 7.62984 -10.6741
v 2.76705 4.93739 -11.471
v 1.2799 7.24014 -10.7492
v 2.40424 9.77227 -9.57665
v 2.19239 13.7398 -6.3156
v 1.0614 14.856 -4.35628
v 2.10251 16.0993 -2.22898
v 3.22984 15.4727 -4.31574
v 5.5352 16.0515 -4.20855
v 6.7128 17.2598 -2.09819
v 8.0687 16.5665 -3.99028
v 6.8901 14.8838 -5.9965
v -5.41965 -2.23633 -10.6555
v -3.30681 -0.053923 -11.4598
v -1.81823 -2.57443 -10.7233
v -3.95567 -4.76033 -9.5444
v -4.55204 -9.00103 -6.26655
v -2.40295 -11.5385 -4.29224
v -4.93266 -12.1551 -2.1701
v -7.1037 -9.91768 -4.26943
v -11.489 -8.07758 -4.17825
v -13.893 -7.74428 -2.07326
v -15.3486 -5.95353 -3.97313
v -12.9151 -6.02853 -5.97575
v -11.4174 -2.85998 -9.05875
v -12.2365 -0.0710381 -9.7827
v -9.8008 1.37848 -10.8259
v -8.91575 -1.44773 -10.3864
v 12.9151 -6.02853 -5.97575
v 15.3486 -5.95353 -3.97313
v 13.893 -7.74428 -2.07326
v 11.489 -8.07758 -4.17825
v 7.1037 -9.91768 -4.26943
v 4.93266 -12.1551 -2.1701
v 2.40295 -11.5385 -4.29224
v 4.55204 -9.00103 -6.26655
v 3.95567 -4.76033 -9.5444
v 1.81823 -2.57443 -10.7233
v 3.30681 -0.053923 -11.4598
v 5.41965 -2.23633 -10.6555
v 8.91575 -1.44773 -10.3864
v 9.8008 1.37848 -10.8259
v 12.2365 -0.0710381 -9.7827
v 11.4174 -2.85998 -9.05875
v -2.40424 9.77227 -9.57665
v -1.2799 7.24014 -10.7492
v -2.76705 4.93739 -11.471
v -3.86107 7.62984 -10.6741
v -6.5063 8.21484 -10.3986
v -8.4094 6.18437 -10.8307
v -9.25825 9.09601 -9.78955
v -7.4296 10.9343 -9.07245
v -6.8901 14.8838 -5.9965
v -8.0687 16.5665 -3.99028
v -6.7128 17.2598 -2.09819
v -5.5352 16.0515 -4.20855
v -3.22984 15.4727 -4.31574
v -2.10251 16.0993 -2.22898
v -1.0614 14.856 -4.35628
v -2.19239 13.7398 -6.3156
v 19.1666 1.7127 5.70725
v 17.0195 -1.18923 6.7135
v 20.3454 2.77584 4.38857
v 21.4793 2.7688 1.6153
v 19.4968 3.98158 5.62465
v 18.4385 7.43302 6.26065
v 20.3454 2.77584 -4.35953
v 21.4793 2.7688 -1.5862
v 19.1666 1.7127 -5.67835
v 17.0195 -1.18923 -6.6849
v 19.4968 3.98158 -5.59575
v 18.4385 7.43302 -6.23205
v 15.2936 13.9883 5.6235
v 16.8805 11.0941 6.26035
v 14.9638 15.6111 4.38701
v 15.4572 17.0578 1.61377
v 13.8262 14.7432 5.70485
v 11.2025 14.1691 6.7075
v 14.9638 15.6111 -4.36109
v 15.4572 17.0578 -1.58773
v 15.2936 13.9883 -5.59695
v 16.8805 11.0941 -6.23235
v 13.8262 14.7432 -5.68075
v 11.2025 14.1691 -6.69095
v -19.4968 3.98158 5.62465
v -18.4385 7.43302 6.26065
v -20.3454 2.77584 4.38857
v -21.4793 2.7688 1.6153
v -19.1666 1.7127 5.70725
v -17.0195 -1.18923 6.7135
v -14.9638 15.6111 4.38701
v -15.4572 17.0578 1.61377
v -15.2936 13.9883 5.6235
v -16.8805 11.0941 6.26035
v -13.8262 14.7432 5.70485
v -11.2025 14.1691 6.7075
v -15.2936 13.9883 -5.59695
v -16.8805 11.0941 -6.23235
v -14.9638 15.6111 -4.36109
v -15.4572 17.0578 -1.58773
v -13.8262 14.7432 -5.68075
v -11.2025 14.1691 -6.69095
v -20.3454 2.77584 -4.35953
v -21.4793 2.7688 -1.5862
v -19.4968 3.98158 -5.59575
v -18.4385 7.43302 -6.23205
v -19.1666 1.7127 -5.67835
v -17.0195 -1.18923 -6.6849
v 7.79895 -4.06288 9.4402
v 6.5837 0.421062 11.3074
v 6.3582 -6.53753 8.0341
v 2.14477 -7.21588 8.07945
v 8.91885 -7.68088 6.2177
v 9.6391 -9.86628 2.17357
v 10.3433 -5.37253 7.85215
v 13.9478 -3.68048 7.4424
v -6.3582 -6.53753 8.0341
v -2.14477 -7.21588 8.07945
v -7.79895 -4.06288 9.4402
v -6.5837 0.421062 11.3074
v -10.3433 -5.37253 7.85215
v -13.9478 -3.68048 7.4424
v -8.91885 -7.68088 6.2177
v -9.6391 -9.86628 2.17357
v -3.4419 12.171 7.9993
v -1.13647 11.6586 8.03125
v -4.46302 14.3101 6.1838
v -4.30633 16.7223 2.13289
v -5.84475 12.7397 7.8294
v -8.41 13.3969 7.4295
v -4.86269 10.2744 9.41795
v -5.56115 5.39061 11.2996
v 4.46302 14.3101 6.1838
v 4.30633 16.7223 2.13289
v 3.4419 12.171 7.9993
v 1.13647 11.6586 8.03125
v 4.86269 10.2744 9.41795
v 5.56115 5.39061 11.2996
v 5.84475 12.7397 7.8294
v 8.41 13.3969 7.4295
v 4.86269 10.2744 -9.43785
v 5.56115 5.39061 -11.2988
v 3.4419 12.171 -8.0424
v 1.13647 11.6586 -8.1016
v 4.46302 14.3101 -6.2234
v 4.30633 16.7223 -2.18515
v 5.84475 12.7397 -7.8477
v 8.41 13.3969 -7.42725
v -6.3582 -6.53753 -8.0076
v -2.14477 -7.21588 -8.0534
v -8.91885 -7.68088 -6.1895
v -9.6391 -9.86628 -2.14446
v -10.3433 -5.37253 -7.8249
v -13.9478 -3.68048 -7.4144
v -7.79895 -4.06288 -9.4156
v -6.5837 0.421062 -11.2911
v 8.91885 -7.68088 -6.1895
v 9.6391 -9.86628 -2.14446
v 6.3582 -6.53753 -8.0076
v 2.14477 -7.21588 -8.0534
v 7.79895 -4.06288 -9.4156
v 6.5837 0.421062 -11.2911
v 10.3433 -5.37253 -7.8249
v 13.9478 -3.68048 -7.4144
v -4.86269 10.2744 -9.43785
v -5.56115 5.39061 -11.2988
v -5.84475 12.7397 -7.8477
v -8.41 13.3969 -7.42725
v -4.46302 14.3101 -6.2234
v -4.30633 16.7223 -2.18515
v -3.4419 12.171 -8.0424
v -1.13647 11.6586 -8.1016
v 13.6166 6.13717 9.4631
v 16.4656 8.28 7.57605
v 19.9548 11.3503 1.72354
v 18.6964 10.1894 4.94482
v 17.4682 -5.12428 1.96279
v 16.3557 -3.76323 5.5857
v 12.9281 2.96335 9.9416
v 14.6986 -0.975378 8.3878
v 20.907 9.47532 0.0145531
v 21.7352 5.04907 0.0145531
v 19.1089 -3.55198 0.0145531
v 21.1615 0.547122 0.0145531
v 19.9548 11.3503 -1.69443
v 18.6964 10.1894 -4.91602
v 13.6166 6.13717 -9.4383
v 16.4656 8.28 -7.54845
v 12.9281 2.96335 -9.9168
v 14.6986 -0.975378 -8.36025
v 17.4682 -5.12428 -1.93369
v 16.3557 -3.76323 -5.5569
v 9.4232 17.669 1.94995
v 9.55185 15.459 5.575
v 11.3388 7.43512 9.93915
v 10.1591 11.8126 8.38075
v 19.198 13.3816 0.0145531
v 16.8966 16.3234 0.0139267
v 10.9442 18.1164 0.00578455
v 14.0585 17.8562 0.0114214
v 11.3388 7.43512 -9.91925
v 10.1591 11.8126 -8.36725
v 9.4232 17.669 -1.94654
v 9.55185 15.459 -5.5676
v -12.9281 2.96335 9.9416
v -14.6986 -0.975378 8.3878
v -17.4682 -5.12428 1.96279
v -16.3557 -3.76323 5.5857
v -19.9548 11.3503 1.72354
v -18.6964 10.1894 4.94482
v -13.6166 6.13717 9.4631
v -16.4656 8.28 7.57605
v -19.1089 -3.55198 0.0145531
v -21.1615 0.547122 0.0145531
v -20.907 9.47532 0.0145531
v -21.7352 5.04907 0.0145531
v -9.4232 17.669 1.94995
v -9.55185 15.459 5.575
v -11.3388 7.43512 9.93915
v -10.1591 11.8126 8.38075
v -19.198 13.3816 0.0145531
v -16.8966 16.3234 0.0139267
v -10.9442 18.1164 0.00578455
v -14.0585 17.8562 0.0114214
v -19.9548 11.3503 -1.69443
v -18.6964 10.1894 -4.91602
v -13.6166 6.13717 -9.4383
v -16.4656 8.28 -7.54845
v -17.4682 -5.12428 -1.93369
v -16.3557 -3.76323 -5.5569
v -12.9281 2.96335 -9.9168
v -14.6986 -0.975378 -8.36025
v -11.3388 7.43512 -9.91925
v -10.1591 11.8126 -8.36725
v -9.4232 17.669 -1.94654
v -9.55185 15.459 -5.5676
v 10.5722 4.37848 10.6911
v 7.54165 3.24441 11.3799
v 1.50635 2.31343 11.7578
v 4.52102 2.59834 11.6839
v 2.50976 -14.6165 0.0145531
v 7.41335 -11.3328 0.0145531
v 15.9448 -6.73558 0.0145531
v 11.969 -9.09643 0.0145531
v 4.33681e-016 -0.179493 11.4895
v 3.46944e-016 -4.98933 9.58175
v 7.80625e-016 -14.3821 2.20205
v 5.20415e-016 -9.57383 6.303
v -10.5722 4.37848 10.6911
v -7.54165 3.24441 11.3799
v -1.50635 2.31343 11.7578
v -4.52102 2.59834 11.6839
v -2.50976 -14.6165 0.0145531
v -7.41335 -11.3328 0.0145531
v -15.9448 -6.73558 0.0145531
v -11.969 -9.09643 0.0145531
v 5.96745e-016 15.4336 2.12375
v 6.2645e-016 13.1715 6.23765
v 6.0065e-016 4.69384 11.4741
v 6.3426e-016 9.35037 9.5385
v -8.0194 17.8217 -0.00423665
v -5.46415 17.3553 -0.018642
v -1.04004 16.1038 -0.055595
v -3.17291 16.7664 -0.0361789
v 8.0194 17.8217 -0.00423665
v 5.46415 17.3553 -0.018642
v 1.04004 16.1038 -0.055595
v 3.17291 16.7664 -0.0361789
v 5.5121e-016 4.69384 -11.4946
v 6.44015e-016 9.35037 -9.60215
v 5.96745e-016 15.4336 -2.25125
v 6.28405e-016 13.1715 -6.34045
v -10.5722 4.37848 -10.6712
v -7.54165 3.24441 -11.3667
v -1.50635 2.31343 -11.7578
v -4.52102 2.59834 -11.6779
v 10.5722 4.37848 -10.6712
v 7.54165 3.24441 -11.3667
v 1.50635 2.31343 -11.7578
v 4.52102 2.59834 -11.6779
v 7.80625e-016 -14.3821 -2.17295
v 5.20415e-016 -9.57383 -6.27515
v 4.33681e-016 -0.179493 -11.4792
v 4.33681e-016 -4.98933 -9.5589
v 16.7074 3.3154 7.99135
v 19.6622 -1.20298 3.42
v 20.7859 6.8922 3.24163
v 20.7859 6.8922 -3.21256
v 19.6622 -1.20298 -3.39093
v 16.7074 3.3154 -7.96335
v 13.5979 11.1147 7.98935
v 17.5877 14.2699 3.24143
v 12.42 17.0692 3.41499
v 12.42 17.0692 -3.39594
v 17.5877 14.2699 -3.21275
v 13.5979 11.1147 -7.9654
v -16.7074 3.3154 7.99135
v -20.7859 6.8922 3.24163
v -19.6622 -1.20298 3.42
v -12.42 17.0692 3.41499
v -17.5877 14.2699 3.24143
v -13.5979 11.1147 7.98935
v -13.5979 11.1147 -7.9654
v -17.5877 14.2699 -3.21275
v -12.42 17.0692 -3.39594
v -19.6622 -1.20298 -3.39093
v -20.7859 6.8922 -3.21256
v -16.7074 3.3154 -7.96335
v 10.6024 -0.843078 10.1587
v 3.6277 -2.45468 10.7251
v 4.77962 -10.7808 4.31535
v 13.4977 -7.08443 4.12174
v -4.77962 -10.7808 4.31535
v -3.6277 -2.45468 10.7251
v -10.6024 -0.843078 10.1587
v -13.4977 -7.08443 4.12174
v -2.56515 7.41762 10.703
v -2.13421 15.1675 4.26033
v -6.76775 16.3187 4.09844
v -7.86625 8.61284 10.1494
v 6.76775 16.3187 4.09844
v 2.13421 15.1675 4.26033
v 2.56515 7.41762 10.703
v 7.86625 8.61284 10.1494
v 7.86625 8.61284 -10.1441
v 2.56515 7.41762 -10.7284
v 2.13421 15.1675 -4.34156
v 6.76775 16.3187 -4.11608
v -3.6277 -2.45468 -10.7062
v -4.77962 -10.7808 -4.28654
v -13.4977 -7.08443 -4.09278
v -10.6024 -0.843078 -10.1347
v 13.4977 -7.08443 -4.09278
v 4.77962 -10.7808 -4.28654
v 3.6277 -2.45468 -10.7062
v 10.6024 -0.843078 -10.1347
v -2.56515 7.41762 -10.7284
v -7.86625 8.61284 -10.1441
v -6.76775 16.3187 -4.11608
v -2.13421 15.1675 -4.34156
v 18.2481 0.275997 6.23415
v 21.0189 2.75958 3.10899
v 19.0675 5.61597 6.00345
v 21.0189 2.75958 -3.0799
v 18.2481 0.275997 -6.20535
v 19.0675 5.61597 -5.97465
v 16.0691 12.694 6.00275
v 15.2499 16.4602 3.10749
v 12.5891 14.5217 6.2303
v 15.2499 16.4602 -3.0814
v 16.0691 12.694 -5.9753
v 12.5891 14.5217 -6.2092
v -19.0675 5.61597 6.00345
v -21.0189 2.75958 3.10899
v -18.2481 0.275997 6.23415
v -15.2499 16.4602 3.10749
v -16.0691 12.694 6.00275
v -12.5891 14.5217 6.2303
v -16.0691 12.694 -5.9753
v -15.2499 16.4602 -3.0814
v -12.5891 14.5217 -6.2092
v -21.0189 2.75958 -3.0799
v -19.0675 5.61597 -5.97465
v -18.2481 0.275997 -6.20535
v 7.18525 -1.90538 10.5757
v 4.27052 -6.94953 8.06815
v 9.34895 -8.99973 4.26411
v 12.2026 -4.60938 7.68145
v -4.27052 -6.94953 8.06815
v -7.18525 -1.90538 10.5757
v -12.2026 -4.60938 7.68145
v -9.34895 -8.99973 4.26411
v -2.28107 11.9101 8.02675
v -4.35969 15.7685 4.2261
v -7.103 13.0556 7.66395
v -5.173 7.89088 10.5604
v 4.35969 15.7685 4.2261
v 2.28107 11.9101 8.02675
v 5.173 7.89088 10.5604
v 7.103 13.0556 7.66395
v 5.173 7.89088 -10.5697
v 2.28107 11.9101 -8.08325
v 4.35969 15.7685 -4.27325
v 7.103 13.0556 -7.67135
v -4.27052 -6.94953 -8.0419
v -9.34895 -8.99973 -4.23523
v -12.2026 -4.60938 -7.65385
v -7.18525 -1.90538 -10.5545
v 9.34895 -8.99973 -4.23523
v 4.27052 -6.94953 -8.0419
v 7.18525 -1.90538 -10.5545
v 12.2026 -4.60938 -7.65385
v -5.173 7.89088 -10.5697
v -7.103 13.0556 -7.67135
v -4.35969 15.7685 -4.27325
v -2.28107 11.9101 -8.08325
v 15.0919 7.19917 8.60725
v 19.465 10.8892 3.38335
v 17.0155 -4.61798 3.84264
v 13.8091 0.888742 9.34
v 21.4638 7.29944 0.0145531
v 20.2971 -1.58483 0.0145531
v 19.465 10.8892 -3.35432
v 15.0919 7.19917 -8.58085
v 13.8091 0.888742 -9.31355
v 17.0155 -4.61798 -3.81361
v 9.4496 16.7919 3.83063
v 10.6876 9.67547 9.3352
v 18.1179 15.0008 0.0143965
v 12.5068 18.1005 0.00907275
v 10.6876 9.67547 -9.3184
v 9.4496 16.7919 -3.82562
v -13.8091 0.888742 9.34
v -17.0155 -4.61798 3.84264
v -19.465 10.8892 3.38335
v -15.0919 7.19917 8.60725
v -20.2971 -1.58483 0.0145531
v -21.4638 7.29944 0.0145531
v -9.4496 16.7919 3.83063
v -10.6876 9.67547 9.3352
v -18.1179 15.0008 0.0143965
v -12.5068 18.1005 0.00907275
v -19.465 10.8892 -3.35432
v -15.0919 7.19917 -8.58085
v -17.0155 -4.61798 -3.81361
v -13.8091 0.888742 -9.31355
v -10.6876 9.67547 -9.3184
v -9.4496 16.7919 -3.82562
v 9.05545 3.74191 11.0933
v 3.01319 2.41805 11.7399
v 4.99054 -12.7408 0.0145531
v 14.0439 -7.97523 0.0145531
v 3.90313e-016 -2.60963 10.7414
v 6.07155e-016 -11.891 4.32104
v -9.05545 3.74191 11.0933
v -3.01319 2.41805 11.7399
v -4.99054 -12.7408 0.0145531
v -14.0439 -7.97523 0.0145531
v 6.1111e-016 14.5413 4.24784
v 6.21845e-016 7.08002 10.7115
v -6.7022 17.6069 -0.0109696
v -2.09327 16.4412 -0.0457304
v 6.7022 17.6069 -0.0109696
v 2.09327 16.4412 -0.0457304
v 6.1973e-016 7.08002 -10.7534
v 6.116e-016 14.5413 -4.36544
v -9.05545 3.74191 -11.0765
v -3.01319 2.41805 -11.7372
v 9.05545 3.74191 -11.0765
v 3.01319 2.41805 -11.7372
v 6.28835e-016 -11.891 -4.29224
v 4.33681e-016 -2.60963 -10.7235
v 19.6927 2.81659 5.25365
v 19.6927 2.81659 -5.2247
v 14.7004 14.8047 5.252
v 14.7004 14.8047 -5.2264
v -19.6927 2.81659 5.25365
v -14.7004 14.8047 5.252
v -14.7004 14.8047 -5.2264
v -19.6927 2.81659 -5.2247
v 8.3888 -6.00388 7.9659
v -8.3888 -6.00388 7.9659
v -4.62709 12.4459 7.93735
v 4.62709 12.4459 7.93735
v 4.62709 12.4459 -7.9676
v -8.3888 -6.00388 -7.93905
v 8.3888 -6.00388 -7.93905
v -4.62709 12.4459 -7.9676
v 17.6847 9.30247 6.35875
v 15.5597 -2.55178 7.12355
v 21.6562 2.77979 0.0145531
v 17.6847 9.30247 -6.33045
v 15.5597 -2.55178 -7.0952
v 9.7738 13.767 7.1145
v 15.5412 17.2937 0.0129873
v 9.7738 13.767 -7.10425
v -15.5597 -2.55178 7.12355
v -17.6847 9.30247 6.35875
v -21.6562 2.77979 0.0145531
v -9.7738 13.767 7.1145
v -15.5412 17.2937 0.0129873
v -17.6847 9.30247 -6.33045
v -15.5597 -2.55178 -7.0952
v -9.7738 13.767 -7.10425
v 6.03035 2.86891 11.5704
v 9.74915 -10.1865 0.0145531
v 3.90313e-016 -7.31263 8.0794
v -6.03035 2.86891 11.5704
v -9.74915 -10.1865 0.0145531
v 6.3632e-016 11.4118 8.0242
v -4.29214 17.0731 -0.0270974
v 4.29214 17.0731 -0.0270974
v 6.41195e-016 11.4118 -8.1086
v -6.03035 2.86891 -11.5607
v 6.03035 2.86891 -11.5607
v 4.77049e-016 -7.31263 -8.0534
v 20.13 11.5212 0.0145531
v 12.0924 5.17121 10.1542
v 17.6428 -5.29028 0.0145531
v 12.0924 5.17121 -10.1315
v 9.429 17.9936 0.00140025
v -17.6428 -5.29028 0.0145531
v -12.0924 5.17121 10.1542
v -20.13 11.5212 0.0145531
v -9.429 17.9936 0.00140025
v -12.0924 5.17121 -10.1315
v 8.8818e-016 -18.2883 0.0145531
v 5.26055e-016 2.28003 11.7572
v 4.68809e-016 2.28003 -11.7584
v 5.89805e-016 15.7603 -0.0656165
f 673 228 1
f 673 1 225
f 729 449 228
f 449 1 228
f 841 453 1
f 841 1 449
f 731 225 453
f 225 1 453
f 673 225 226
f 225 2 226
f 731 454 2
f 731 2 225
f 857 562 454
f 562 2 454
f 785 226 2
f 785 2 562
f 673 226 3
f 673 3 227
f 785 561 226
f 561 3 226
f 886 567 3
f 886 3 561
f 788 227 567
f 227 3 567
f 673 227 228
f 227 4 228
f 788 568 4
f 788 4 227
f 858 450 568
f 450 4 568
f 729 228 4
f 729 4 450
f 674 232 5
f 674 5 229
f 730 451 232
f 451 5 232
f 841 449 5
f 841 5 451
f 729 229 5
f 729 5 449
f 674 229 230
f 229 6 230
f 729 450 229
f 450 6 229
f 858 566 450
f 566 6 450
f 787 230 6
f 787 6 566
f 674 230 7
f 674 7 231
f 787 565 230
f 565 7 230
f 887 571 7
f 887 7 565
f 790 231 571
f 231 7 571
f 674 231 232
f 231 8 232
f 790 572 8
f 790 8 231
f 859 452 572
f 452 8 572
f 730 232 8
f 730 8 452
f 675 236 233
f 236 9 233
f 731 453 9
f 731 9 236
f 841 451 453
f 451 9 453
f 730 233 9
f 730 9 451
f 675 233 10
f 675 10 234
f 730 452 233
f 452 10 233
f 859 570 10
f 859 10 452
f 789 234 570
f 234 10 570
f 675 234 235
f 234 11 235
f 789 569 11
f 789 11 234
f 885 563 569
f 563 11 569
f 786 235 11
f 786 11 563
f 675 235 12
f 675 12 236
f 786 564 235
f 564 12 235
f 857 454 12
f 857 12 564
f 731 236 454
f 236 12 454
f 676 240 237
f 240 13 237
f 732 455 13
f 732 13 240
f 842 459 455
f 459 13 455
f 734 237 13
f 734 13 459
f 676 237 14
f 676 14 238
f 734 460 237
f 460 14 237
f 860 574 14
f 860 14 460
f 791 238 574
f 238 14 574
f 676 238 239
f 238 15 239
f 791 573 15
f 791 15 238
f 885 569 573
f 569 15 573
f 789 239 15
f 789 15 569
f 676 239 16
f 676 16 240
f 789 570 239
f 570 16 239
f 859 456 16
f 859 16 570
f 732 240 456
f 240 16 456
f 677 244 17
f 677 17 241
f 733 457 17
f 733 17 244
f 842 455 17
f 842 17 457
f 732 241 455
f 241 17 455
f 677 241 242
f 241 18 242
f 732 456 18
f 732 18 241
f 859 572 456
f 572 18 456
f 790 242 18
f 790 18 572
f 677 242 19
f 677 19 243
f 790 571 242
f 571 19 242
f 887 579 19
f 887 19 571
f 794 243 579
f 243 19 579
f 677 243 244
f 243 20 244
f 794 580 20
f 794 20 243
f 861 458 580
f 458 20 580
f 733 244 458
f 244 20 458
f 678 248 21
f 678 21 245
f 734 459 248
f 459 21 248
f 842 457 21
f 842 21 459
f 733 245 457
f 245 21 457
f 678 245 246
f 245 22 246
f 733 458 22
f 733 22 245
f 861 578 458
f 578 22 458
f 793 246 22
f 793 22 578
f 678 246 23
f 678 23 247
f 793 577 246
f 577 23 246
f 888 575 23
f 888 23 577
f 792 247 575
f 247 23 575
f 678 247 248
f 247 24 248
f 792 576 24
f 792 24 247
f 860 460 576
f 460 24 576
f 734 248 24
f 734 24 460
f 679 252 249
f 252 25 249
f 735 461 25
f 735 25 252
f 843 465 461
f 465 25 461
f 737 249 25
f 737 25 465
f 679 249 26
f 679 26 250
f 737 466 249
f 466 26 249
f 862 584 26
f 862 26 466
f 796 250 584
f 250 26 584
f 679 250 251
f 250 27 251
f 796 583 27
f 796 27 250
f 886 561 583
f 561 27 583
f 785 251 27
f 785 27 561
f 679 251 28
f 679 28 252
f 785 562 251
f 562 28 251
f 857 462 28
f 857 28 562
f 735 252 462
f 252 28 462
f 680 256 29
f 680 29 253
f 736 463 256
f 463 29 256
f 843 461 29
f 843 29 463
f 735 253 461
f 253 29 461
f 680 253 254
f 253 30 254
f 735 462 30
f 735 30 253
f 857 564 462
f 564 30 462
f 786 254 30
f 786 30 564
f 680 254 31
f 680 31 255
f 786 563 254
f 563 31 254
f 885 585 31
f 885 31 563
f 797 255 585
f 255 31 585
f 680 255 256
f 255 32 256
f 797 586 32
f 797 32 255
f 863 464 586
f 464 32 586
f 736 256 32
f 736 32 464
f 681 260 33
f 681 33 257
f 737 465 260
f 465 33 260
f 843 463 33
f 843 33 465
f 736 257 463
f 257 33 463
f 681 257 258
f 257 34 258
f 736 464 34
f 736 34 257
f 863 588 464
f 588 34 464
f 798 258 34
f 798 34 588
f 681 258 35
f 681 35 259
f 798 587 258
f 587 35 258
f 889 581 35
f 889 35 587
f 795 259 581
f 259 35 581
f 681 259 260
f 259 36 260
f 795 582 36
f 795 36 259
f 862 466 582
f 466 36 582
f 737 260 36
f 737 36 466
f 682 264 37
f 682 37 261
f 738 467 264
f 467 37 264
f 844 471 37
f 844 37 467
f 740 261 471
f 261 37 471
f 682 261 262
f 261 38 262
f 740 472 38
f 740 38 261
f 864 592 472
f 592 38 472
f 800 262 38
f 800 38 592
f 682 262 39
f 682 39 263
f 800 591 262
f 591 39 262
f 889 587 39
f 889 39 591
f 798 263 587
f 263 39 587
f 682 263 264
f 263 40 264
f 798 588 40
f 798 40 263
f 863 468 588
f 468 40 588
f 738 264 40
f 738 40 468
f 683 268 41
f 683 41 265
f 739 469 268
f 469 41 268
f 844 467 41
f 844 41 469
f 738 265 467
f 265 41 467
f 683 265 266
f 265 42 266
f 738 468 42
f 738 42 265
f 863 586 468
f 586 42 468
f 797 266 42
f 797 42 586
f 683 266 43
f 683 43 267
f 797 585 266
f 585 43 266
f 885 573 43
f 885 43 585
f 791 267 573
f 267 43 573
f 683 267 268
f 267 44 268
f 791 574 44
f 791 44 267
f 860 470 574
f 470 44 574
f 739 268 44
f 739 44 470
f 684 272 269
f 272 45 269
f 740 471 45
f 740 45 272
f 844 469 471
f 469 45 471
f 739 269 45
f 739 45 469
f 684 269 46
f 684 46 270
f 739 470 269
f 470 46 269
f 860 576 46
f 860 46 470
f 792 270 576
f 270 46 576
f 684 270 271
f 270 47 271
f 792 575 47
f 792 47 270
f 888 589 575
f 589 47 575
f 799 271 47
f 799 47 589
f 684 271 48
f 684 48 272
f 799 590 271
f 590 48 271
f 864 472 48
f 864 48 590
f 740 272 472
f 272 48 472
f 685 276 49
f 685 49 273
f 741 473 276
f 473 49 276
f 845 477 49
f 845 49 473
f 743 273 477
f 273 49 477
f 685 273 274
f 273 50 274
f 743 478 50
f 743 50 273
f 865 594 478
f 594 50 478
f 801 274 50
f 801 50 594
f 685 274 51
f 685 51 275
f 801 593 274
f 593 51 274
f 891 599 51
f 891 51 593
f 804 275 599
f 275 51 599
f 685 275 276
f 275 52 276
f 804 600 52
f 804 52 275
f 866 474 600
f 474 52 600
f 741 276 52
f 741 52 474
f 686 280 277
f 280 53 277
f 742 475 53
f 742 53 280
f 845 473 475
f 473 53 475
f 741 277 53
f 741 53 473
f 686 277 54
f 686 54 278
f 741 474 277
f 474 54 277
f 866 598 54
f 866 54 474
f 803 278 598
f 278 54 598
f 686 278 279
f 278 55 279
f 803 597 55
f 803 55 278
f 892 603 597
f 603 55 597
f 806 279 55
f 806 55 603
f 686 279 56
f 686 56 280
f 806 604 279
f 604 56 279
f 867 476 56
f 867 56 604
f 742 280 476
f 280 56 476
f 687 284 57
f 687 57 281
f 743 477 57
f 743 57 284
f 845 475 57
f 845 57 477
f 742 281 475
f 281 57 475
f 687 281 282
f 281 58 282
f 742 476 58
f 742 58 281
f 867 602 476
f 602 58 476
f 805 282 58
f 805 58 602
f 687 282 59
f 687 59 283
f 805 601 282
f 601 59 282
f 890 595 59
f 890 59 601
f 802 283 595
f 283 59 595
f 687 283 284
f 283 60 284
f 802 596 60
f 802 60 283
f 865 478 596
f 478 60 596
f 743 284 478
f 284 60 478
f 688 288 61
f 688 61 285
f 744 479 288
f 479 61 288
f 846 483 61
f 846 61 479
f 746 285 483
f 285 61 483
f 688 285 286
f 285 62 286
f 746 484 62
f 746 62 285
f 868 606 484
f 606 62 484
f 807 286 62
f 807 62 606
f 688 286 63
f 688 63 287
f 807 605 286
f 605 63 286
f 893 611 63
f 893 63 605
f 810 287 611
f 287 63 611
f 688 287 288
f 287 64 288
f 810 612 64
f 810 64 287
f 869 480 612
f 480 64 612
f 744 288 64
f 744 64 480
f 689 292 65
f 689 65 289
f 745 481 292
f 481 65 292
f 846 479 65
f 846 65 481
f 744 289 479
f 289 65 479
f 689 289 290
f 289 66 290
f 744 480 66
f 744 66 289
f 869 610 480
f 610 66 480
f 809 290 66
f 809 66 610
f 689 290 67
f 689 67 291
f 809 609 290
f 609 67 290
f 892 597 67
f 892 67 609
f 803 291 597
f 291 67 597
f 689 291 292
f 291 68 292
f 803 598 68
f 803 68 291
f 866 482 598
f 482 68 598
f 745 292 68
f 745 68 482
f 690 296 293
f 296 69 293
f 746 483 69
f 746 69 296
f 846 481 483
f 481 69 483
f 745 293 69
f 745 69 481
f 690 293 70
f 690 70 294
f 745 482 293
f 482 70 293
f 866 600 70
f 866 70 482
f 804 294 600
f 294 70 600
f 690 294 295
f 294 71 295
f 804 599 71
f 804 71 294
f 891 607 599
f 607 71 599
f 808 295 71
f 808 71 607
f 690 295 72
f 690 72 296
f 808 608 295
f 608 72 295
f 868 484 72
f 868 72 608
f 746 296 484
f 296 72 484
f 691 300 297
f 300 73 297
f 747 485 73
f 747 73 300
f 847 489 485
f 489 73 485
f 749 297 73
f 749 73 489
f 691 297 74
f 691 74 298
f 749 490 297
f 490 74 297
f 872 622 74
f 872 74 490
f 815 298 622
f 298 74 622
f 691 298 299
f 298 75 299
f 815 621 75
f 815 75 298
f 894 615 621
f 615 75 621
f 812 299 75
f 812 75 615
f 691 299 76
f 691 76 300
f 812 616 299
f 616 76 299
f 870 486 76
f 870 76 616
f 747 300 486
f 300 76 486
f 692 304 77
f 692 77 301
f 748 487 304
f 487 77 304
f 847 485 77
f 847 77 487
f 747 301 485
f 301 77 485
f 692 301 302
f 301 78 302
f 747 486 78
f 747 78 301
f 870 614 486
f 614 78 486
f 811 302 78
f 811 78 614
f 692 302 79
f 692 79 303
f 811 613 302
f 613 79 302
f 892 609 79
f 892 79 613
f 809 303 609
f 303 79 609
f 692 303 304
f 303 80 304
f 809 610 80
f 809 80 303
f 869 488 610
f 488 80 610
f 748 304 80
f 748 80 488
f 693 308 81
f 693 81 305
f 749 489 308
f 489 81 308
f 847 487 81
f 847 81 489
f 748 305 487
f 305 81 487
f 693 305 306
f 305 82 306
f 748 488 82
f 748 82 305
f 869 612 488
f 612 82 488
f 810 306 82
f 810 82 612
f 693 306 83
f 693 83 307
f 810 611 306
f 611 83 306
f 893 623 83
f 893 83 611
f 816 307 623
f 307 83 623
f 693 307 308
f 307 84 308
f 816 624 84
f 816 84 307
f 872 490 624
f 490 84 624
f 749 308 84
f 749 84 490
f 694 312 85
f 694 85 309
f 750 491 312
f 491 85 312
f 848 495 85
f 848 85 491
f 752 309 85
f 752 85 495
f 694 309 310
f 309 86 310
f 752 496 309
f 496 86 309
f 871 618 496
f 618 86 496
f 813 310 86
f 813 86 618
f 694 310 87
f 694 87 311
f 813 617 310
f 617 87 310
f 890 601 87
f 890 87 617
f 805 311 601
f 311 87 601
f 694 311 312
f 311 88 312
f 805 602 88
f 805 88 311
f 867 492 602
f 492 88 602
f 750 312 88
f 750 88 492
f 695 316 313
f 316 89 313
f 751 493 89
f 751 89 316
f 848 491 493
f 491 89 493
f 750 313 89
f 750 89 491
f 695 313 90
f 695 90 314
f 750 492 313
f 492 90 313
f 867 604 90
f 867 90 492
f 806 314 604
f 314 90 604
f 695 314 315
f 314 91 315
f 806 603 91
f 806 91 314
f 892 613 603
f 613 91 603
f 811 315 91
f 811 91 613
f 695 315 92
f 695 92 316
f 811 614 315
f 614 92 315
f 870 494 92
f 870 92 614
f 751 316 494
f 316 92 494
f 696 320 93
f 696 93 317
f 752 495 320
f 495 93 320
f 848 493 93
f 848 93 495
f 751 317 493
f 317 93 493
f 696 317 318
f 317 94 318
f 751 494 94
f 751 94 317
f 870 616 494
f 616 94 494
f 812 318 94
f 812 94 616
f 696 318 95
f 696 95 319
f 812 615 318
f 615 95 318
f 894 619 95
f 894 95 615
f 814 319 619
f 319 95 619
f 696 319 320
f 319 96 320
f 814 620 96
f 814 96 319
f 871 496 620
f 496 96 620
f 752 320 96
f 752 96 496
f 697 324 97
f 697 97 321
f 753 497 324
f 497 97 324
f 849 503 97
f 849 97 497
f 756 321 503
f 321 97 503
f 697 321 322
f 321 98 322
f 756 504 98
f 756 98 321
f 858 568 504
f 568 98 504
f 788 322 568
f 322 98 568
f 697 322 323
f 322 99 323
f 788 567 99
f 788 99 322
f 886 625 567
f 625 99 567
f 817 323 99
f 817 99 625
f 697 323 324
f 323 100 324
f 817 626 323
f 626 100 323
f 873 498 626
f 498 100 626
f 753 324 100
f 753 100 498
f 698 328 325
f 328 101 325
f 754 499 101
f 754 101 328
f 849 497 499
f 497 101 499
f 753 325 101
f 753 101 497
f 698 325 102
f 698 102 326
f 753 498 325
f 498 102 325
f 873 628 102
f 873 102 498
f 818 326 628
f 326 102 628
f 698 326 327
f 326 103 327
f 818 627 103
f 818 103 326
f 896 633 627
f 633 103 627
f 821 327 103
f 821 103 633
f 698 327 104
f 698 104 328
f 821 634 327
f 634 104 327
f 875 500 634
f 500 104 634
f 754 328 500
f 328 104 500
f 699 332 329
f 332 105 329
f 755 501 105
f 755 105 332
f 849 499 501
f 499 105 501
f 754 329 105
f 754 105 499
f 699 329 106
f 699 106 330
f 754 500 329
f 500 106 329
f 875 636 106
f 875 106 500
f 822 330 636
f 330 106 636
f 699 330 331
f 330 107 331
f 822 635 107
f 822 107 330
f 895 629 635
f 629 107 635
f 819 331 107
f 819 107 629
f 699 331 108
f 699 108 332
f 819 630 331
f 630 108 331
f 874 502 108
f 874 108 630
f 755 332 502
f 332 108 502
f 700 336 333
f 336 109 333
f 756 503 109
f 756 109 336
f 849 501 503
f 501 109 503
f 755 333 109
f 755 109 501
f 700 333 110
f 700 110 334
f 755 502 110
f 755 110 333
f 874 632 502
f 632 110 502
f 820 334 632
f 334 110 632
f 700 334 335
f 334 111 335
f 820 631 111
f 820 111 334
f 887 565 631
f 565 111 631
f 787 335 111
f 787 111 565
f 700 335 112
f 700 112 336
f 787 566 335
f 566 112 335
f 858 504 112
f 858 112 566
f 756 336 504
f 336 112 504
f 701 340 337
f 340 113 337
f 757 505 113
f 757 113 340
f 850 511 505
f 511 113 505
f 760 337 113
f 760 113 511
f 701 337 114
f 701 114 338
f 760 512 337
f 512 114 337
f 877 642 114
f 877 114 512
f 825 338 642
f 338 114 642
f 701 338 339
f 338 115 339
f 825 641 115
f 825 115 338
f 895 635 641
f 635 115 641
f 822 339 115
f 822 115 635
f 701 339 116
f 701 116 340
f 822 636 339
f 636 116 339
f 875 506 116
f 875 116 636
f 757 340 506
f 340 116 506
f 702 344 341
f 344 117 341
f 758 507 117
f 758 117 344
f 850 505 507
f 505 117 507
f 757 341 117
f 757 117 505
f 702 341 118
f 702 118 342
f 757 506 341
f 506 118 341
f 875 634 506
f 634 118 506
f 821 342 634
f 342 118 634
f 702 342 343
f 342 119 343
f 821 633 119
f 821 119 342
f 896 639 633
f 639 119 633
f 824 343 119
f 824 119 639
f 702 343 120
f 702 120 344
f 824 640 343
f 640 120 343
f 876 508 120
f 876 120 640
f 758 344 508
f 344 120 508
f 703 348 121
f 703 121 345
f 759 509 348
f 509 121 348
f 850 507 121
f 850 121 509
f 758 345 507
f 345 121 507
f 703 345 346
f 345 122 346
f 758 508 122
f 758 122 345
f 876 638 508
f 638 122 508
f 823 346 638
f 346 122 638
f 703 346 347
f 346 123 347
f 823 637 123
f 823 123 346
f 891 593 637
f 593 123 637
f 801 347 123
f 801 123 593
f 703 347 348
f 347 124 348
f 801 594 347
f 594 124 347
f 865 510 594
f 510 124 594
f 759 348 124
f 759 124 510
f 704 352 349
f 352 125 349
f 760 511 125
f 760 125 352
f 850 509 511
f 509 125 511
f 759 349 125
f 759 125 509
f 704 349 126
f 704 126 350
f 759 510 349
f 510 126 349
f 865 596 126
f 865 126 510
f 802 350 596
f 350 126 596
f 704 350 351
f 350 127 351
f 802 595 127
f 802 127 350
f 890 643 595
f 643 127 595
f 826 351 127
f 826 127 643
f 704 351 128
f 704 128 352
f 826 644 351
f 644 128 351
f 877 512 644
f 512 128 644
f 760 352 128
f 760 128 512
f 705 356 353
f 356 129 353
f 761 513 129
f 761 129 356
f 851 519 513
f 519 129 513
f 764 353 129
f 764 129 519
f 705 353 130
f 705 130 354
f 764 520 353
f 520 130 353
f 876 640 130
f 876 130 520
f 824 354 640
f 354 130 640
f 705 354 355
f 354 131 355
f 824 639 131
f 824 131 354
f 896 647 639
f 647 131 639
f 828 355 131
f 828 131 647
f 705 355 132
f 705 132 356
f 828 648 355
f 648 132 355
f 878 514 132
f 878 132 648
f 761 356 514
f 356 132 514
f 706 360 133
f 706 133 357
f 762 515 360
f 515 133 360
f 851 513 133
f 851 133 515
f 761 357 513
f 357 133 513
f 706 357 358
f 357 134 358
f 761 514 134
f 761 134 357
f 878 646 514
f 646 134 514
f 827 358 134
f 827 134 646
f 706 358 135
f 706 135 359
f 827 645 358
f 645 135 358
f 898 651 135
f 898 135 645
f 830 359 651
f 359 135 651
f 706 359 360
f 359 136 360
f 830 652 136
f 830 136 359
f 879 516 652
f 516 136 652
f 762 360 136
f 762 136 516
f 707 364 361
f 364 137 361
f 763 517 137
f 763 137 364
f 851 515 517
f 515 137 517
f 762 361 137
f 762 137 515
f 707 361 138
f 707 138 362
f 762 516 361
f 516 138 361
f 879 650 138
f 879 138 516
f 829 362 650
f 362 138 650
f 707 362 363
f 362 139 363
f 829 649 139
f 829 139 362
f 893 605 649
f 605 139 649
f 807 363 139
f 807 139 605
f 707 363 140
f 707 140 364
f 807 606 363
f 606 140 363
f 868 518 140
f 868 140 606
f 763 364 518
f 364 140 518
f 708 368 141
f 708 141 365
f 764 519 368
f 519 141 368
f 851 517 141
f 851 141 519
f 763 365 517
f 365 141 517
f 708 365 366
f 365 142 366
f 763 518 142
f 763 142 365
f 868 608 518
f 608 142 518
f 808 366 142
f 808 142 608
f 708 366 143
f 708 143 367
f 808 607 366
f 607 143 366
f 891 637 143
f 891 143 607
f 823 367 637
f 367 143 637
f 708 367 368
f 367 144 368
f 823 638 144
f 823 144 367
f 876 520 638
f 520 144 638
f 764 368 144
f 764 144 520
f 709 372 369
f 372 145 369
f 765 521 145
f 765 145 372
f 852 527 521
f 527 145 521
f 768 369 145
f 768 145 527
f 709 369 146
f 709 146 370
f 768 528 369
f 528 146 369
f 862 582 146
f 862 146 528
f 795 370 582
f 370 146 582
f 709 370 371
f 370 147 371
f 795 581 147
f 795 147 370
f 889 653 581
f 653 147 581
f 831 371 147
f 831 147 653
f 709 371 148
f 709 148 372
f 831 654 371
f 654 148 371
f 880 522 148
f 880 148 654
f 765 372 522
f 372 148 522
f 710 376 149
f 710 149 373
f 766 523 376
f 523 149 376
f 852 521 149
f 852 149 523
f 765 373 521
f 373 149 521
f 710 373 374
f 373 150 374
f 765 522 150
f 765 150 373
f 880 656 522
f 656 150 522
f 832 374 150
f 832 150 656
f 710 374 151
f 710 151 375
f 832 655 374
f 655 151 374
f 898 645 151
f 898 151 655
f 827 375 645
f 375 151 645
f 710 375 376
f 375 152 376
f 827 646 152
f 827 152 375
f 878 524 646
f 524 152 646
f 766 376 152
f 766 152 524
f 711 380 377
f 380 153 377
f 767 525 153
f 767 153 380
f 852 523 525
f 523 153 525
f 766 377 153
f 766 153 523
f 711 377 154
f 711 154 378
f 766 524 377
f 524 154 377
f 878 648 154
f 878 154 524
f 828 378 648
f 378 154 648
f 711 378 379
f 378 155 379
f 828 647 155
f 828 155 378
f 896 627 647
f 627 155 647
f 818 379 155
f 818 155 627
f 711 379 156
f 711 156 380
f 818 628 379
f 628 156 379
f 873 526 156
f 873 156 628
f 767 380 526
f 380 156 526
f 712 384 157
f 712 157 381
f 768 527 384
f 527 157 384
f 852 525 157
f 852 157 527
f 767 381 525
f 381 157 525
f 712 381 382
f 381 158 382
f 767 526 158
f 767 158 381
f 873 626 526
f 626 158 526
f 817 382 158
f 817 158 626
f 712 382 159
f 712 159 383
f 817 625 382
f 625 159 382
f 886 583 159
f 886 159 625
f 796 383 583
f 383 159 583
f 712 383 384
f 383 160 384
f 796 584 160
f 796 160 383
f 862 528 584
f 528 160 584
f 768 384 160
f 768 160 528
f 713 388 161
f 713 161 385
f 769 529 388
f 529 161 388
f 853 535 161
f 853 161 529
f 772 385 535
f 385 161 535
f 713 385 386
f 385 162 386
f 772 536 162
f 772 162 385
f 864 590 536
f 590 162 536
f 799 386 162
f 799 162 590
f 713 386 163
f 713 163 387
f 799 589 386
f 589 163 386
f 888 665 163
f 888 163 589
f 837 387 665
f 387 163 665
f 713 387 388
f 387 164 388
f 837 666 164
f 837 164 387
f 883 530 666
f 530 164 666
f 769 388 164
f 769 164 530
f 714 392 389
f 392 165 389
f 770 531 165
f 770 165 392
f 853 529 531
f 529 165 531
f 769 389 165
f 769 165 529
f 714 389 166
f 714 166 390
f 769 530 389
f 530 166 389
f 883 668 166
f 883 166 530
f 838 390 668
f 390 166 668
f 714 390 391
f 390 167 391
f 838 667 167
f 838 167 390
f 897 657 667
f 657 167 667
f 833 391 167
f 833 167 657
f 714 391 168
f 714 168 392
f 833 658 391
f 658 168 391
f 881 532 168
f 881 168 658
f 770 392 532
f 392 168 532
f 715 396 169
f 715 169 393
f 771 533 396
f 533 169 396
f 853 531 169
f 853 169 533
f 770 393 531
f 393 169 531
f 715 393 394
f 393 170 394
f 770 532 170
f 770 170 393
f 881 660 532
f 660 170 532
f 834 394 170
f 834 170 660
f 715 394 171
f 715 171 395
f 834 659 394
f 659 171 394
f 898 655 171
f 898 171 659
f 832 395 655
f 395 171 655
f 715 395 396
f 395 172 396
f 832 656 172
f 832 172 395
f 880 534 656
f 534 172 656
f 771 396 172
f 771 172 534
f 716 400 397
f 400 173 397
f 772 535 173
f 772 173 400
f 853 533 535
f 533 173 535
f 771 397 173
f 771 173 533
f 716 397 174
f 716 174 398
f 771 534 397
f 534 174 397
f 880 654 174
f 880 174 534
f 831 398 654
f 398 174 654
f 716 398 399
f 398 175 399
f 831 653 175
f 831 175 398
f 889 591 653
f 591 175 653
f 800 399 175
f 800 175 591
f 716 399 176
f 716 176 400
f 800 592 399
f 592 176 399
f 864 536 176
f 864 176 592
f 772 400 536
f 400 176 536
f 717 404 401
f 404 177 401
f 773 537 177
f 773 177 404
f 854 543 537
f 543 177 537
f 776 401 177
f 776 177 543
f 717 401 178
f 717 178 402
f 776 544 401
f 544 178 401
f 882 664 178
f 882 178 544
f 836 402 664
f 402 178 664
f 717 402 403
f 402 179 403
f 836 663 179
f 836 179 402
f 897 671 663
f 671 179 663
f 840 403 179
f 840 179 671
f 717 403 180
f 717 180 404
f 840 672 403
f 672 180 403
f 884 538 672
f 538 180 672
f 773 404 538
f 404 180 538
f 718 408 405
f 408 181 405
f 774 539 181
f 774 181 408
f 854 537 539
f 537 181 539
f 773 405 181
f 773 181 537
f 718 405 182
f 718 182 406
f 773 538 405
f 538 182 405
f 884 670 182
f 884 182 538
f 839 406 670
f 406 182 670
f 718 406 407
f 406 183 407
f 839 669 183
f 839 183 406
f 895 641 669
f 641 183 669
f 825 407 183
f 825 183 641
f 718 407 184
f 718 184 408
f 825 642 407
f 642 184 407
f 877 540 184
f 877 184 642
f 774 408 540
f 408 184 540
f 719 412 409
f 412 185 409
f 775 541 185
f 775 185 412
f 854 539 541
f 539 185 541
f 774 409 185
f 774 185 539
f 719 409 186
f 719 186 410
f 774 540 186
f 774 186 409
f 877 644 540
f 644 186 540
f 826 410 644
f 410 186 644
f 719 410 411
f 410 187 411
f 826 643 187
f 826 187 410
f 890 617 643
f 617 187 643
f 813 411 187
f 813 187 617
f 719 411 188
f 719 188 412
f 813 618 411
f 618 188 411
f 871 542 188
f 871 188 618
f 775 412 542
f 412 188 542
f 720 416 189
f 720 189 413
f 776 543 416
f 543 189 416
f 854 541 189
f 854 189 543
f 775 413 541
f 413 189 541
f 720 413 414
f 413 190 414
f 775 542 190
f 775 190 413
f 871 620 542
f 620 190 542
f 814 414 620
f 414 190 620
f 720 414 415
f 414 191 415
f 814 619 191
f 814 191 414
f 894 661 619
f 661 191 619
f 835 415 191
f 835 191 661
f 720 415 416
f 415 192 416
f 835 662 415
f 662 192 415
f 882 544 662
f 544 192 662
f 776 416 192
f 776 192 544
f 721 420 417
f 420 193 417
f 777 545 193
f 777 193 420
f 855 551 545
f 551 193 545
f 780 417 193
f 780 193 551
f 721 417 194
f 721 194 418
f 780 552 417
f 552 194 417
f 861 580 194
f 861 194 552
f 794 418 580
f 418 194 580
f 721 418 419
f 418 195 419
f 794 579 195
f 794 195 418
f 887 631 579
f 631 195 579
f 820 419 195
f 820 195 631
f 721 419 196
f 721 196 420
f 820 632 419
f 632 196 419
f 874 546 632
f 546 196 632
f 777 420 196
f 777 196 546
f 722 424 421
f 424 197 421
f 778 547 197
f 778 197 424
f 855 545 547
f 545 197 547
f 777 421 197
f 777 197 545
f 722 421 198
f 722 198 422
f 777 546 421
f 546 198 421
f 874 630 198
f 874 198 546
f 819 422 630
f 422 198 630
f 722 422 423
f 422 199 423
f 819 629 199
f 819 199 422
f 895 669 629
f 669 199 629
f 839 423 199
f 839 199 669
f 722 423 200
f 722 200 424
f 839 670 423
f 670 200 423
f 884 548 200
f 884 200 670
f 778 424 548
f 424 200 548
f 723 428 425
f 428 201 425
f 779 549 201
f 779 201 428
f 855 547 549
f 547 201 549
f 778 425 201
f 778 201 547
f 723 425 202
f 723 202 426
f 778 548 425
f 548 202 425
f 884 672 548
f 672 202 548
f 840 426 672
f 426 202 672
f 723 426 427
f 426 203 427
f 840 671 203
f 840 203 426
f 897 667 671
f 667 203 671
f 838 427 203
f 838 203 667
f 723 427 204
f 723 204 428
f 838 668 427
f 668 204 427
f 883 550 204
f 883 204 668
f 779 428 550
f 428 204 550
f 724 432 205
f 724 205 429
f 780 551 432
f 551 205 432
f 855 549 205
f 855 205 551
f 779 429 549
f 429 205 549
f 724 429 430
f 429 206 430
f 779 550 206
f 779 206 429
f 883 666 550
f 666 206 550
f 837 430 666
f 430 206 666
f 724 430 431
f 430 207 431
f 837 665 207
f 837 207 430
f 888 577 665
f 577 207 665
f 793 431 207
f 793 207 577
f 724 431 432
f 431 208 432
f 793 578 431
f 578 208 431
f 861 552 578
f 552 208 578
f 780 432 208
f 780 208 552
f 725 436 433
f 436 209 433
f 781 553 209
f 781 209 436
f 856 559 553
f 559 209 553
f 784 433 209
f 784 209 559
f 725 433 210
f 725 210 434
f 784 560 433
f 560 210 433
f 881 658 210
f 881 210 560
f 833 434 658
f 434 210 658
f 725 434 435
f 434 211 435
f 833 657 211
f 833 211 434
f 897 663 657
f 663 211 657
f 836 435 211
f 836 211 663
f 725 435 212
f 725 212 436
f 836 664 435
f 664 212 435
f 882 554 212
f 882 212 664
f 781 436 554
f 436 212 554
f 726 440 213
f 726 213 437
f 782 555 440
f 555 213 440
f 856 553 213
f 856 213 555
f 781 437 553
f 437 213 553
f 726 437 438
f 437 214 438
f 781 554 214
f 781 214 437
f 882 662 554
f 662 214 554
f 835 438 214
f 835 214 662
f 726 438 215
f 726 215 439
f 835 661 438
f 661 215 438
f 894 621 215
f 894 215 661
f 815 439 621
f 439 215 621
f 726 439 440
f 439 216 440
f 815 622 216
f 815 216 439
f 872 556 622
f 556 216 622
f 782 440 216
f 782 216 556
f 727 444 441
f 444 217 441
f 783 557 217
f 783 217 444
f 856 555 557
f 555 217 557
f 782 441 217
f 782 217 555
f 727 441 218
f 727 218 442
f 782 556 441
f 556 218 441
f 872 624 218
f 872 218 556
f 816 442 624
f 442 218 624
f 727 442 443
f 442 219 443
f 816 623 219
f 816 219 442
f 893 649 623
f 649 219 623
f 829 443 219
f 829 219 649
f 727 443 220
f 727 220 444
f 829 650 443
f 650 220 443
f 879 558 220
f 879 220 650
f 783 444 558
f 444 220 558
f 728 448 221
f 728 221 445
f 784 559 448
f 559 221 448
f 856 557 221
f 856 221 559
f 783 445 557
f 445 221 557
f 728 445 446
f 445 222 446
f 783 558 222
f 783 222 445
f 879 652 558
f 652 222 558
f 830 446 222
f 830 222 652
f 728 446 223
f 728 223 447
f 830 651 446
f 651 223 446
f 898 659 223
f 898 223 651
f 834 447 659
f 447 223 659
f 728 447 448
f 447 224 448
f 834 660 224
f 834 224 447
f 881 560 660
f 560 224 660
f 784 448 224
f 784 224 560
